,V_cell,P_b,T_cell,stoichi_anode,stoichi_cathode,W_ch,D_ch,i_ave,W
0,1.6035674514745462,-1.2247650163813524,-1.224744871391603,-1.224744871391589,-1.224744871391589,-1.0690449676496971,-1.069044967649697,-1.1125213528968676,-1.3504051744076186
1,1.3363062095621214,-1.2247650163813524,-1.224744871391603,-1.224744871391589,-1.224744871391589,-1.0690449676496971,-1.069044967649697,-1.1061497084737681,-1.337033480553304
2,1.0690449676496974,-1.2247650163813524,-1.224744871391603,-1.224744871391589,-1.224744871391589,-1.0690449676496971,-1.069044967649697,-1.081814295295957,-1.288833498549029
3,0.8017837257372727,-1.2247650163813524,-1.224744871391603,-1.224744871391589,-1.224744871391589,-1.0690449676496971,-1.069044967649697,-1.0162358606477606,-1.1674726960141204
4,0.5345224838248487,-1.2247650163813524,-1.224744871391603,-1.224744871391589,-1.224744871391589,-1.0690449676496971,-1.069044967649697,-0.8966195938198454,-0.9638698467689868
5,0.26726124191242406,-1.2247650163813524,-1.224744871391603,-1.224744871391589,-1.224744871391589,-1.0690449676496971,-1.069044967649697,-0.7262763557398574,-0.7017715761499423
6,-5.93439168722175e-16,-1.2247650163813524,-1.224744871391603,-1.224744871391589,-1.224744871391589,-1.0690449676496971,-1.069044967649697,-0.5125065193938758,-0.4097023654199471
7,-0.2672612419124246,-1.2247650163813524,-1.224744871391603,-1.224744871391589,-1.224744871391589,-1.0690449676496971,-1.069044967649697,-0.26312215758863483,-0.1136582177348817
8,-0.5345224838248492,-1.2247650163813524,-1.224744871391603,-1.224744871391589,-1.224744871391589,-1.0690449676496971,-1.069044967649697,0.014774279827473254,0.1648236005293758
9,-0.8017837257372733,-1.2247650163813524,-1.224744871391603,-1.224744871391589,-1.224744871391589,-1.0690449676496971,-1.069044967649697,0.31509222352601746,0.40863952306574053
10,-1.069044967649698,-1.2247650163813524,-1.224744871391603,-1.224744871391589,-1.224744871391589,-1.0690449676496971,-1.069044967649697,0.6329541396368112,0.6047779258911907
11,-1.3363062095621223,-1.2247650163813524,-1.224744871391603,-1.224744871391589,-1.224744871391589,-1.0690449676496971,-1.069044967649697,0.9645508522476566,0.7434930300779719
12,-1.6035674514745466,-1.2247650163813524,-1.224744871391603,-1.224744871391589,-1.224744871391589,-1.0690449676496971,-1.069044967649697,1.306905132780598,0.8174938524187806
0,1.6035674514745462,-1.2247650163813524,-1.3923737144427707e-14,0.0,0.0,-1.0690449676496971,-1.069044967649697,-1.1094945199512167,-1.3436171598443394
1,1.3363062095621214,-1.2247650163813524,-1.3923737144427707e-14,0.0,0.0,-1.0690449676496971,-1.069044967649697,-1.0943806132088638,-1.311959632106828
2,1.0690449676496974,-1.2247650163813524,-1.3923737144427707e-14,0.0,0.0,-1.0690449676496971,-1.069044967649697,-1.0469856361261163,-1.2185370187239193
3,0.8017837257372727,-1.2247650163813524,-1.3923737144427707e-14,0.0,0.0,-1.0690449676496971,-1.069044967649697,-0.9457146167978027,-1.0330436234359315
4,0.5345224838248487,-1.2247650163813524,-1.3923737144427707e-14,0.0,0.0,-1.0690449676496971,-1.069044967649697,-0.7871538306012968,-0.7674783819606967
5,0.26726124191242406,-1.2247650163813524,-1.3923737144427707e-14,0.0,0.0,-1.0690449676496971,-1.069044967649697,-0.5775418779887757,-0.45160618401456504
6,-5.93439168722175e-16,-1.2247650163813524,-1.3923737144427707e-14,0.0,0.0,-1.0690449676496971,-1.069044967649697,-0.32496881999990646,-0.11530024272088478
7,-0.2672612419124246,-1.2247650163813524,-1.3923737144427707e-14,0.0,0.0,-1.0690449676496971,-1.069044967649697,-0.037187270281067955,0.21568670033868753
8,-0.5345224838248492,-1.2247650163813524,-1.3923737144427707e-14,0.0,0.0,-1.0690449676496971,-1.069044967649697,0.2787659637063148,0.5200422915368743
9,-0.8017837257372733,-1.2247650163813524,-1.3923737144427707e-14,0.0,0.0,-1.0690449676496971,-1.069044967649697,0.6170595715371127,0.7810972490144408
10,-1.069044967649698,-1.2247650163813524,-1.3923737144427707e-14,0.0,0.0,-1.0690449676496971,-1.069044967649697,0.9730784839061706,0.986161544293968
11,-1.3363062095621223,-1.2247650163813524,-1.3923737144427707e-14,0.0,0.0,-1.0690449676496971,-1.069044967649697,1.3432537803015197,1.1256708597186362
12,-1.6035674514745466,-1.2247650163813524,-1.3923737144427707e-14,0.0,0.0,-1.0690449676496971,-1.069044967649697,1.7248434480696408,1.1924033927435131
0,1.6035674514745462,-1.2247650163813524,1.224744871391575,1.224744871391589,1.224744871391589,-1.0690449676496971,-1.069044967649697,-1.1021298006759201,-1.3271009455065095
1,1.3363062095621214,-1.2247650163813524,1.224744871391575,1.224744871391589,1.224744871391589,-1.0690449676496971,-1.069044967649697,-1.069876038086638,-1.2597530700024158
2,1.0690449676496974,-1.2247650163813524,1.224744871391575,1.224744871391589,1.224744871391589,-1.0690449676496971,-1.069044967649697,-0.9892025485266178,-1.1019104316404849
3,0.8017837257372727,-1.2247650163813524,1.224744871391575,1.224744871391589,1.224744871391589,-1.0690449676496971,-1.069044967649697,-0.8470849752410984,-0.845033734225861
4,0.5345224838248487,-1.2247650163813524,1.224744871391575,1.224744871391589,1.224744871391589,-1.0690449676496971,-1.069044967649697,-0.6469371392148234,-0.5159169749755452
5,0.26726124191242406,-1.2247650163813524,1.224744871391575,1.224744871391589,1.224744871391589,-1.0690449676496971,-1.069044967649697,-0.39640201438351125,-0.14693623999527958
6,-5.93439168722175e-16,-1.2247650163813524,1.224744871391575,1.224744871391589,1.224744871391589,-1.0690449676496971,-1.069044967649697,-0.10382943138297027,0.23185078681388632
7,-0.2672612419124246,-1.2247650163813524,1.224744871391575,1.224744871391589,1.224744871391589,-1.0690449676496971,-1.069044967649697,0.2230048375900679,0.5949683131581989
8,-0.5345224838248492,-1.2247650163813524,1.224744871391575,1.224744871391589,1.224744871391589,-1.0690449676496971,-1.069044967649697,0.577295354019475,0.9217338058156941
9,-0.8017837257372733,-1.2247650163813524,1.224744871391575,1.224744871391589,1.224744871391589,-1.0690449676496971,-1.069044967649697,0.953501947080007,1.1960777524789432
10,-1.069044967649698,-1.2247650163813524,1.224744871391575,1.224744871391589,1.224744871391589,-1.0690449676496971,-1.069044967649697,1.347267007876489,1.405741546846142
11,-1.3363062095621223,-1.2247650163813524,1.224744871391575,1.224744871391589,1.224744871391589,-1.0690449676496971,-1.069044967649697,1.755217905642295,1.541415084675247
12,-1.6035674514745466,-1.2247650163813524,1.224744871391575,1.224744871391589,1.224744871391589,-1.0690449676496971,-1.069044967649697,2.1747538166166147,1.5959933085008717
0,1.6035674514745462,4.029097362917199e-05,-1.3923737144427707e-14,1.224744871391589,-1.224744871391589,-1.0690449676496971,-0.267261241912424,-1.104751239160941,-1.3329798172290572
1,1.3363062095621214,4.029097362917199e-05,-1.3923737144427707e-14,1.224744871391589,-1.224744871391589,-1.0690449676496971,-0.267261241912424,-1.0776704297846496,-1.2763588830891028
2,1.0690449676496974,4.029097362917199e-05,-1.3923737144427707e-14,1.224744871391589,-1.224744871391589,-1.0690449676496971,-0.267261241912424,-1.0063736930041678,-1.1365678385034335
3,0.8017837257372727,4.029097362917199e-05,-1.3923737144427707e-14,1.224744871391589,-1.224744871391589,-1.0690449676496971,-0.267261241912424,-0.8770931989141276,-0.9022360389195632
4,0.5345224838248487,4.029097362917199e-05,-1.3923737144427707e-14,1.224744871391589,-1.224744871391589,-1.0690449676496971,-0.267261241912424,-0.6927723528452465,-0.5981494874982773
5,0.26726124191242406,4.029097362917199e-05,-1.3923737144427707e-14,1.224744871391589,-1.224744871391589,-1.0690449676496971,-0.267261241912424,-0.460938288375922,-0.25548364967716264
6,-5.93439168722175e-16,4.029097362917199e-05,-1.3923737144427707e-14,1.224744871391589,-1.224744871391589,-1.0690449676496971,-0.267261241912424,-0.1895354335256242,0.09730701753237475
7,-0.2672612419124246,4.029097362917199e-05,-1.3923737144427707e-14,1.224744871391589,-1.224744871391589,-1.0690449676496971,-0.267261241912424,0.11392443528637025,0.4359619879808121
8,-0.5345224838248492,4.029097362917199e-05,-1.3923737144427707e-14,1.224744871391589,-1.224744871391589,-1.0690449676496971,-0.267261241912424,0.44295479865944326,0.7409694895953698
9,-0.8017837257372733,4.029097362917199e-05,-1.3923737144427707e-14,1.224744871391589,-1.224744871391589,-1.0690449676496971,-0.267261241912424,0.7923101982999788,0.9972578714959919
10,-1.069044967649698,4.029097362917199e-05,-1.3923737144427707e-14,1.224744871391589,-1.224744871391589,-1.0690449676496971,-0.267261241912424,1.1578990146648223,1.193401996097777
11,-1.3363062095621223,4.029097362917199e-05,-1.3923737144427707e-14,1.224744871391589,-1.224744871391589,-1.0690449676496971,-0.267261241912424,1.5365791008922858,1.320770094408092
12,-1.6035674514745466,4.029097362917199e-05,-1.3923737144427707e-14,1.224744871391589,-1.224744871391589,-1.0690449676496971,-0.267261241912424,1.9259462486527523,1.372801685425743
0,1.6035674514745462,4.029097362917199e-05,1.224744871391575,-1.224744871391589,0.0,-1.0690449676496971,-0.267261241912424,-1.091372487994888,-1.3029764574849585
1,1.3363062095621214,4.029097362917199e-05,1.224744871391575,-1.224744871391589,0.0,-1.0690449676496971,-0.267261241912424,-1.0392885980363327,-1.1945870721984853
2,1.0690449676496974,4.029097362917199e-05,1.224744871391575,-1.224744871391589,0.0,-1.0690449676496971,-0.267261241912424,-0.9297593692415276,-0.9819331958537812
3,0.8017837257372727,4.029097362917199e-05,1.224744871391575,-1.224744871391589,0.0,-1.0690449676496971,-0.267261241912424,-0.758839448134083,-0.6768182615463245
4,0.5345224838248487,4.029097362917199e-05,1.224744871391575,-1.224744871391589,0.0,-1.0690449676496971,-0.267261241912424,-0.5329576917633657,-0.31142755303326675
5,0.26726124191242406,4.029097362917199e-05,1.224744871391575,-1.224744871391589,0.0,-1.0690449676496971,-0.267261241912424,-0.2602270887100648,0.08210449215504273
6,-5.93439168722175e-16,4.029097362917199e-05,1.224744871391575,-1.224744871391589,0.0,-1.0690449676496971,-0.267261241912424,0.051258897492212886,0.4753129460184075
7,-0.2672612419124246,4.029097362917199e-05,1.224744871391575,-1.224744871391589,0.0,-1.0690449676496971,-0.267261241912424,0.394080120750455,0.8443444754158257
8,-0.5345224838248492,4.029097362917199e-05,1.224744871391575,-1.224744871391589,0.0,-1.0690449676496971,-0.267261241912424,0.7620035258932799,1.1702711614905548
9,-0.8017837257372733,4.029097362917199e-05,1.224744871391575,-1.224744871391589,0.0,-1.0690449676496971,-0.267261241912424,1.150048462797859,1.4385055141875434
10,-1.069044967649698,4.029097362917199e-05,1.224744871391575,-1.224744871391589,0.0,-1.0690449676496971,-0.267261241912424,1.5543393972128192,1.637933151025628
11,-1.3363062095621223,4.029097362917199e-05,1.224744871391575,-1.224744871391589,0.0,-1.0690449676496971,-0.267261241912424,1.9718930117883735,1.7600783578366601
12,-1.6035674514745466,4.029097362917199e-05,1.224744871391575,-1.224744871391589,0.0,-1.0690449676496971,-0.267261241912424,2.400416899291209,1.7984232832096594
0,1.6035674514745462,4.029097362917199e-05,-1.224744871391603,0.0,1.224744871391589,-1.0690449676496971,-0.267261241912424,-1.1106111609208098,-1.3461213532701588
1,1.3363062095621214,4.029097362917199e-05,-1.224744871391603,0.0,1.224744871391589,-1.0690449676496971,-0.267261241912424,-1.0982238308262458,-1.3201475389863329
2,1.0690449676496974,4.029097362917199e-05,-1.224744871391603,0.0,1.224744871391589,-1.0690449676496971,-0.267261241912424,-1.0571707647546436,-1.2390941893476852
3,0.8017837257372727,4.029097362917199e-05,-1.224744871391603,0.0,1.224744871391589,-1.0690449676496971,-0.267261241912424,-0.9658873148917477,-1.0714972431982046
4,0.5345224838248487,4.029097362917199e-05,-1.224744871391603,0.0,1.224744871391589,-1.0690449676496971,-0.267261241912424,-0.8200973708963026,-0.8265820683031571
5,0.26726124191242406,4.029097362917199e-05,-1.224744871391603,0.0,1.224744871391589,-1.0690449676496971,-0.267261241912424,-0.625774890192396,-0.5327321649857215
6,-5.93439168722175e-16,4.029097362917199e-05,-1.224744871391603,0.0,1.224744871391589,-1.0690449676496971,-0.267261241912424,-0.3904799352250253,-0.21814149248017478
7,-0.2672612419124246,4.029097362917199e-05,-1.224744871391603,0.0,1.224744871391589,-1.0690449676496971,-0.267261241912424,-0.12177181874959703,0.09238794148992711
8,-0.5345224838248492,4.029097362917199e-05,-1.224744871391603,0.0,1.224744871391589,-1.0690449676496971,-0.267261241912424,0.1735813404274891,0.37850925668427166
9,-0.8017837257372733,4.029097362917199e-05,-1.224744871391603,0.0,1.224744871391589,-1.0690449676496971,-0.267261241912424,0.49001264090337465,0.6243928530448948
10,-1.069044967649698,4.029097362917199e-05,-1.224744871391603,0.0,1.224744871391589,-1.0690449676496971,-0.267261241912424,0.8231674827100409,0.8180653728853001
11,-1.3363062095621223,4.029097362917199e-05,-1.224744871391603,0.0,1.224744871391589,-1.0690449676496971,-0.267261241912424,1.1697191775323001,0.9505439384806199
12,-1.6035674514745466,4.029097362917199e-05,-1.224744871391603,0.0,1.224744871391589,-1.0690449676496971,-0.267261241912424,1.527146627271003,1.0150604177209461
0,1.6035674514745462,1.2247247254077231,1.224744871391575,0.0,-1.224744871391589,-1.0690449676496971,1.3363062095621219,-1.0813955076847859,-1.2806019528926809
1,1.3363062095621214,1.2247247254077231,1.224744871391575,0.0,-1.224744871391589,-1.0690449676496971,1.3363062095621219,-1.0145978774622728,-1.1419839305148254
2,1.0690449676496974,1.2247247254077231,1.224744871391575,0.0,-1.224744871391589,-1.0690449676496971,1.3363062095621219,-0.8872622846645442,-0.8961591373686709
3,0.8017837257372727,1.2247247254077231,1.224744871391575,0.0,-1.224744871391589,-1.0690449676496971,1.3363062095621219,-0.6999404975472078,-0.5645438478949134
4,0.5345224838248487,1.2247247254077231,1.224744871391575,0.0,-1.224744871391589,-1.0690449676496971,1.3363062095621219,-0.4600201472925284,-0.1805710114354243
5,0.26726124191242406,1.2247247254077231,1.224744871391575,0.0,-1.224744871391589,-1.0690449676496971,1.3363062095621219,-0.17569503222966307,0.2242840014200071
6,-5.93439168722175e-16,1.2247247254077231,1.224744871391575,0.0,-1.224744871391589,-1.0690449676496971,1.3363062095621219,0.1450784814110058,0.6225936514215991
7,-0.2672612419124246,1.2247247254077231,1.224744871391575,0.0,-1.224744871391589,-1.0690449676496971,1.3363062095621219,0.4952205679393766,0.991776740925199
8,-0.5345224838248492,1.2247247254077231,1.224744871391575,0.0,-1.224744871391589,-1.0690449676496971,1.3363062095621219,0.8688751181837627,1.3140741274079788
9,-0.8017837257372733,1.2247247254077231,1.224744871391575,0.0,-1.224744871391589,-1.0690449676496971,1.3363062095621219,1.2614043896514449,1.57585604417025
10,-1.069044967649698,1.2247247254077231,1.224744871391575,0.0,-1.224744871391589,-1.0690449676496971,1.3363062095621219,1.6692128095152734,1.7667414482861388
11,-1.3363062095621223,1.2247247254077231,1.224744871391575,0.0,-1.224744871391589,-1.0690449676496971,1.3363062095621219,2.0895342448707317,1.8787990431155253
12,-1.6035674514745466,1.2247247254077231,1.224744871391575,0.0,-1.224744871391589,-1.0690449676496971,1.3363062095621219,2.520240908200662,1.9059108297128828
0,1.6035674514745462,1.2247247254077231,-1.224744871391603,1.224744871391589,0.0,-1.0690449676496971,1.3363062095621219,-1.1087699924762424,-1.341992325193756
1,1.3363062095621214,1.2247247254077231,-1.224744871391603,1.224744871391589,0.0,-1.0690449676496971,1.3363062095621219,-1.0911263924840018,-1.3050265726464387
2,1.0690449676496974,1.2247247254077231,-1.224744871391603,1.224744871391589,0.0,-1.0690449676496971,1.3363062095621219,-1.038145584056712,-1.2006946855201217
3,0.8017837257372727,1.2247247254077231,-1.224744871391603,1.224744871391589,0.0,-1.0690449676496971,1.3363062095621219,-0.9318599192487675,-1.0066335086862435
4,0.5345224838248487,1.2247247254077231,-1.224744871391603,1.224744871391589,0.0,-1.0690449676496971,1.3363062095621219,-0.7721674407747695,-0.7405914452264807
5,0.26726124191242406,1.2247247254077231,-1.224744871391603,1.224744871391589,0.0,-1.0690449676496971,1.3363062095621219,-0.5658871825590145,-0.43200345641240107
6,-5.93439168722175e-16,1.2247247254077231,-1.224744871391603,1.224744871391589,0.0,-1.0690449676496971,1.3363062095621219,-0.32068421636175637,-0.10857414759402903
7,-0.2672612419124246,1.2247247254077231,-1.224744871391603,1.224744871391589,0.0,-1.0690449676496971,1.3363062095621219,-0.043946484158323,0.205833805253849
8,-0.5345224838248492,1.2247247254077231,-1.224744871391603,1.224744871391589,0.0,-1.0690449676496971,1.3363062095621219,0.2578650003374219,0.4919186296865971
9,-0.8017837257372733,1.2247247254077231,-1.224744871391603,1.224744871391589,0.0,-1.0690449676496971,1.3363062095621219,0.5795196810372638,0.7347941558488075
10,-1.069044967649698,1.2247247254077231,-1.224744871391603,1.224744871391589,0.0,-1.0690449676496971,1.3363062095621219,0.916957931274794,0.9232332070845397
11,-1.3363062095621223,1.2247247254077231,-1.224744871391603,1.224744871391589,0.0,-1.0690449676496971,1.3363062095621219,1.2670876143168766,1.0488058083770706
12,-1.6035674514745466,1.2247247254077231,-1.224744871391603,1.224744871391589,0.0,-1.0690449676496971,1.3363062095621219,1.627566327705195,1.1051414233432546
0,1.6035674514745462,1.2247247254077231,-1.3923737144427707e-14,-1.224744871391589,1.224744871391589,-1.0690449676496971,1.3363062095621219,-1.1000485464751257,-1.3224334980197965
1,1.3363062095621214,1.2247247254077231,-1.3923737144427707e-14,-1.224744871391589,1.224744871391589,-1.0690449676496971,1.3363062095621219,-1.0629238631676134,-1.2449415848058585
2,1.0690449676496974,1.2247247254077231,-1.3923737144427707e-14,-1.224744871391589,1.224744871391589,-1.0690449676496971,1.3363062095621219,-0.9754720624188554,-1.0741974830897962
3,0.8017837257372727,1.2247247254077231,-1.3923737144427707e-14,-1.224744871391589,1.224744871391589,-1.0690449676496971,1.3363062095621219,-0.8293983905753083,-0.8113191959690428
4,0.5345224838248487,1.2247247254077231,-1.3923737144427707e-14,-1.224744871391589,1.224744871391589,-1.0690449676496971,1.3363062095621219,-0.6297334899235973,-0.4850520745262011
5,0.26726124191242406,1.2247247254077231,-1.3923737144427707e-14,-1.224744871391589,1.224744871391589,-1.0690449676496971,1.3363062095621219,-0.38421149344101124,-0.12643227549406383
6,-5.93439168722175e-16,1.2247247254077231,-1.3923737144427707e-14,-1.224744871391589,1.224744871391589,-1.0690449676496971,1.3363062095621219,-0.10073534514768737,0.23670797317388134
7,-0.2672612419124246,1.2247247254077231,-1.3923737144427707e-14,-1.224744871391589,1.224744871391589,-1.0690449676496971,1.3363062095621219,0.21336493776946358,0.5809162468549885
8,-0.5345224838248492,1.2247247254077231,-1.3923737144427707e-14,-1.224744871391589,1.224744871391589,-1.0690449676496971,1.3363062095621219,0.5518870036615376,0.8875451494830628
9,-0.8017837257372733,1.2247247254077231,-1.3923737144427707e-14,-1.224744871391589,1.224744871391589,-1.0690449676496971,1.3363062095621219,0.909881783420641,1.1422750249023161
10,-1.069044967649698,1.2247247254077231,-1.3923737144427707e-14,-1.224744871391589,1.224744871391589,-1.0690449676496971,1.3363062095621219,1.2835185905647144,1.3342600358298045
11,-1.3363062095621223,1.2247247254077231,-1.3923737144427707e-14,-1.224744871391589,1.224744871391589,-1.0690449676496971,1.3363062095621219,1.6698694433831782,1.4552834821630052
12,-1.6035674514745466,1.2247247254077231,-1.3923737144427707e-14,-1.224744871391589,1.224744871391589,-1.0690449676496971,1.3363062095621219,2.0667022206668597,1.4990661479918856
0,1.6035674514745462,1.2247247254077231,1.224744871391575,0.0,-1.224744871391589,-0.2672612419124239,-1.069044967649697,-1.0814634144651825,-1.2807542415133462
1,1.3363062095621214,1.2247247254077231,1.224744871391575,0.0,-1.224744871391589,-0.2672612419124239,-1.069044967649697,-1.0147970908252766,-1.1424083510467384
2,1.0690449676496974,1.2247247254077231,1.224744871391575,0.0,-1.224744871391589,-0.2672612419124239,-1.069044967649697,-0.8876930417688425,-0.8970285566576585
3,0.8017837257372727,1.2247247254077231,1.224744871391575,0.0,-1.224744871391589,-0.2672612419124239,-1.069044967649697,-0.7006934688828615,-0.5659791776310883
4,0.5345224838248487,1.2247247254077231,1.224744871391575,0.0,-1.224744871391589,-0.2672612419124239,-1.069044967649697,-0.4611716985534413,-0.18263699839137346
5,0.26726124191242406,1.2247247254077231,1.224744871391575,0.0,-1.224744871391589,-0.2672612419124239,-1.069044967649697,-0.17730071509105774,0.2215833076149157
6,-5.93439168722175e-16,1.2247247254077231,1.224744871391575,0.0,-1.224744871391589,-0.2672612419124239,-1.069044967649697,0.14298639564578217,0.6193094344767358
7,-0.2672612419124246,1.2247247254077231,1.224744871391575,0.0,-1.224744871391589,-0.2672612419124239,-1.069044967649697,0.4926166027004496,0.9879809450279793
8,-0.5345224838248492,1.2247247254077231,1.224744871391575,0.0,-1.224744871391589,-0.2672612419124239,-1.069044967649697,0.8658160269469766,1.3099579129544114
9,-0.8017837257372733,1.2247247254077231,1.224744871391575,0.0,-1.224744871391589,-0.2672612419124239,-1.069044967649697,1.2579445115988377,1.5715885022653997
10,-1.069044967649698,1.2247247254077231,1.224744871391575,0.0,-1.224744871391589,-0.2672612419124239,-1.069044967649697,1.665431447678736,1.7625013828982679
11,-1.3363062095621223,1.2247247254077231,1.224744871391575,0.0,-1.224744871391589,-0.2672612419124239,-1.069044967649697,2.085532373672872,1.874760451555752
12,-1.6035674514745466,1.2247247254077231,1.224744871391575,0.0,-1.224744871391589,-0.2672612419124239,-1.069044967649697,2.5161393648818353,1.9022315601555564
0,1.6035674514745462,1.2247247254077231,-1.224744871391603,1.224744871391589,0.0,-0.2672612419124239,-1.069044967649697,-1.1087735830786971,-1.3420003775250842
1,1.3363062095621214,1.2247247254077231,-1.224744871391603,1.224744871391589,0.0,-0.2672612419124239,-1.069044967649697,-1.0911419219953187,-1.3050596579945002
2,1.0690449676496974,1.2247247254077231,-1.224744871391603,1.224744871391589,0.0,-0.2672612419124239,-1.069044967649697,-1.0382425105715416,-1.200890317306032
3,0.8017837257372727,1.2247247254077231,-1.224744871391603,1.224744871391589,0.0,-0.2672612419124239,-1.069044967649697,-0.9320481843398636,-1.0069923835473953
4,0.5345224838248487,1.2247247254077231,-1.224744871391603,1.224744871391589,0.0,-0.2672612419124239,-1.069044967649697,-0.7727067470594308,-0.7415590094046381
5,0.26726124191242406,1.2247247254077231,-1.224744871391603,1.224744871391589,0.0,-0.2672612419124239,-1.069044967649697,-0.5667482230915046,-0.433451691856609
6,-5.93439168722175e-16,1.2247247254077231,-1.224744871391603,1.224744871391589,0.0,-0.2672612419124239,-1.069044967649697,-0.32190034336713536,-0.1104832590580824
7,-0.2672612419124246,1.2247247254077231,-1.224744871391603,1.224744871391589,0.0,-0.2672612419124239,-1.069044967649697,-0.04554254296962287,0.20350723291828662
8,-0.5345224838248492,1.2247247254077231,-1.224744871391603,1.224744871391589,0.0,-0.2672612419124239,-1.069044967649697,0.25588659890051507,0.48925655655467243
9,-0.8017837257372733,1.2247247254077231,-1.224744871391603,1.224744871391589,0.0,-0.2672612419124239,-1.069044967649697,0.5771554629912676,0.7318780416303051
10,-1.069044967649698,1.2247247254077231,-1.224744871391603,1.224744871391589,0.0,-0.2672612419124239,-1.069044967649697,0.9142813378432169,0.9202319256263692
11,-1.3363062095621223,1.2247247254077231,-1.224744871391603,1.224744871391589,0.0,-0.2672612419124239,-1.069044967649697,1.2641625053263086,1.0458538591771458
12,-1.6035674514745466,1.2247247254077231,-1.224744871391603,1.224744871391589,0.0,-0.2672612419124239,-1.069044967649697,1.6244758195289077,1.1023690979608824
0,1.6035674514745462,1.2247247254077231,-1.3923737144427707e-14,-1.224744871391589,1.224744871391589,-0.2672612419124239,-1.069044967649697,-1.1000528949651958,-1.3224432499996561
1,1.3363062095621214,1.2247247254077231,-1.3923737144427707e-14,-1.224744871391589,1.224744871391589,-0.2672612419124239,-1.069044967649697,-1.0629684786775866,-1.245036637357499
2,1.0690449676496974,1.2247247254077231,-1.3923737144427707e-14,-1.224744871391589,1.224744871391589,-0.2672612419124239,-1.069044967649697,-0.9756760045655543,-1.074609110047096
3,0.8017837257372727,1.2247247254077231,-1.3923737144427707e-14,-1.224744871391589,1.224744871391589,-0.2672612419124239,-1.069044967649697,-0.8298845972067792,-0.8122460132368874
4,0.5345224838248487,1.2247247254077231,-1.3923737144427707e-14,-1.224744871391589,1.224744871391589,-0.2672612419124239,-1.069044967649697,-0.6305993467405103,-0.4866054998492244
5,0.26726124191242406,1.2247247254077231,-1.3923737144427707e-14,-1.224744871391589,1.224744871391589,-0.2672612419124239,-1.069044967649697,-0.3855119850635682,-0.12861964994580466
6,-5.93439168722175e-16,1.2247247254077231,-1.3923737144427707e-14,-1.224744871391589,1.224744871391589,-0.2672612419124239,-1.069044967649697,-0.10252132411985644,0.23390429155572368
7,-0.2672612419124246,1.2247247254077231,-1.3923737144427707e-14,-1.224744871391589,1.224744871391589,-0.2672612419124239,-1.069044967649697,0.2110639428751802,0.5775620903368149
8,-0.5345224838248492,1.2247247254077231,-1.3923737144427707e-14,-1.224744871391589,1.224744871391589,-0.2672612419124239,-1.069044967649697,0.549066690347607,0.8837502268972994
9,-0.8017837257372733,1.2247247254077231,-1.3923737144427707e-14,-1.224744871391589,1.224744871391589,-0.2672612419124239,-1.069044967649697,0.906564312606815,1.1381831333671644
10,-1.069044967649698,1.2247247254077231,-1.3923737144427707e-14,-1.224744871391589,1.224744871391589,-0.2672612419124239,-1.069044967649697,1.2797513630599775,1.3300358193592385
11,-1.3363062095621223,1.2247247254077231,-1.3923737144427707e-14,-1.224744871391589,1.224744871391589,-0.2672612419124239,-1.069044967649697,1.665722940829979,1.4510989321397856
12,-1.6035674514745466,1.2247247254077231,-1.3923737144427707e-14,-1.224744871391589,1.224744871391589,-0.2672612419124239,-1.069044967649697,2.0622678306399824,1.495088299908138
0,1.6035674514745462,-1.2247650163813524,-1.224744871391603,-1.224744871391589,-1.224744871391589,-0.2672612419124239,-0.267261241912424,-1.1125168272666357,-1.3503950251709496
1,1.3363062095621214,-1.2247650163813524,-1.224744871391603,-1.224744871391589,-1.224744871391589,-0.2672612419124239,-0.267261241912424,-1.1061326722741498,-1.3369971852325744
2,1.0690449676496974,-1.2247650163813524,-1.224744871391603,-1.224744871391589,-1.224744871391589,-0.2672612419124239,-0.267261241912424,-1.0817824544748131,-1.2887692325768525
3,0.8017837257372727,-1.2247650163813524,-1.224744871391603,-1.224744871391589,-1.224744871391589,-0.2672612419124239,-0.267261241912424,-1.0163387191154991,-1.1676687669803998
4,0.5345224838248487,-1.2247650163813524,-1.224744871391603,-1.224744871391589,-1.224744871391589,-0.2672612419124239,-0.267261241912424,-0.8972932213356478,-0.9650783953660445
5,0.26726124191242406,-1.2247650163813524,-1.224744871391603,-1.224744871391589,-1.224744871391589,-0.2672612419124239,-0.267261241912424,-0.7281437783183333,-0.7049125056014763
6,-5.93439168722175e-16,-1.2247650163813524,-1.224744871391603,-1.224744871391589,-1.224744871391589,-0.2672612419124239,-0.267261241912424,-0.5164290423786772,-0.4158600558298921
7,-0.2672612419124246,-1.2247650163813524,-1.224744871391603,-1.224744871391589,-1.224744871391589,-0.2672612419124239,-0.267261241912424,-0.2698718078717879,-0.12349717198413922
8,-0.5345224838248492,-1.2247650163813524,-1.224744871391603,-1.224744871391589,-1.224744871391589,-0.2672612419124239,-0.267261241912424,0.004367436992159272,0.15082048863143582
9,-0.8017837257372733,-1.2247650163813524,-1.224744871391603,-1.224744871391589,-1.224744871391589,-0.2672612419124239,-0.267261241912424,0.3001738723262476,0.39023867542652435
10,-1.069044967649698,-1.2247650163813524,-1.224744871391603,-1.224744871391589,-1.224744871391589,-0.2672612419124239,-0.267261241912424,0.6126027540526449,0.5819577861265032
11,-1.3363062095621223,-1.2247650163813524,-1.224744871391603,-1.224744871391589,-1.224744871391589,-0.2672612419124239,-0.267261241912424,0.9377014474457402,0.7163972605599697
12,-1.6035674514745466,-1.2247650163813524,-1.224744871391603,-1.224744871391589,-1.224744871391589,-0.2672612419124239,-0.267261241912424,1.2722547115181553,0.7864108599475677
0,1.6035674514745462,-1.2247650163813524,-1.3923737144427707e-14,0.0,0.0,-0.2672612419124239,-0.267261241912424,-1.1094779861587556,-1.343580080948336
1,1.3363062095621214,-1.2247650163813524,-1.3923737144427707e-14,0.0,0.0,-0.2672612419124239,-0.267261241912424,-1.094333865307864,-1.311860036533976
2,1.0690449676496974,-1.2247650163813524,-1.3923737144427707e-14,0.0,0.0,-0.2672612419124239,-0.267261241912424,-1.0469438093547563,-1.2184525975931857
3,0.8017837257372727,-1.2247650163813524,-1.3923737144427707e-14,0.0,0.0,-0.2672612419124239,-0.267261241912424,-0.9459817021386728,-1.0335527471086334
4,0.5345224838248487,-1.2247650163813524,-1.3923737144427707e-14,0.0,0.0,-0.2672612419124239,-0.267261241912424,-0.7882943238456912,-0.7695245298363877
5,0.26726124191242406,-1.2247650163813524,-1.3923737144427707e-14,0.0,0.0,-0.2672612419124239,-0.267261241912424,-0.5805056680406586,-0.45659115933264227
6,-5.93439168722175e-16,-1.2247650163813524,-1.3923737144427707e-14,0.0,0.0,-0.2672612419124239,-0.267261241912424,-0.33058888736196285,-0.12412278755559183
7,-0.2672612419124246,-1.2247650163813524,-1.3923737144427707e-14,0.0,0.0,-0.2672612419124239,-0.267261241912424,-0.046362933416726176,0.2023113510967167
8,-0.5345224838248492,-1.2247650163813524,-1.3923737144427707e-14,0.0,0.0,-0.2672612419124239,-0.267261241912424,0.2651599519658597,0.5017344811950329
9,-0.8017837257372733,-1.2247650163813524,-1.3923737144427707e-14,0.0,0.0,-0.2672612419124239,-0.267261241912424,0.598154224908135,0.7577786933491367
10,-1.069044967649698,-1.2247650163813524,-1.3923737144427707e-14,0.0,0.0,-0.2672612419124239,-0.267261241912424,0.9479550054789185,0.9579904260812082
11,-1.3363062095621223,-1.2247650163813524,-1.3923737144427707e-14,0.0,0.0,-0.2672612419124239,-0.267261241912424,1.310895849448023,1.0930160190264802
12,-1.6035674514745466,-1.2247650163813524,-1.3923737144427707e-14,0.0,0.0,-0.2672612419124239,-0.267261241912424,1.6840664412695352,1.1558245764062907
0,1.6035674514745462,-1.2247650163813524,1.224744871391575,1.224744871391589,1.224744871391589,-0.2672612419124239,-0.267261241912424,-1.104607561143128,-1.3326576030550843
1,1.3363062095621214,-1.2247650163813524,1.224744871391575,1.224744871391589,1.224744871391589,-0.2672612419124239,-0.267261241912424,-1.0885020707205209,-1.2994355017364658
2,1.0690449676496974,-1.2247650163813524,1.224744871391575,1.224744871391589,1.224744871391589,-0.2672612419124239,-0.267261241912424,-1.0583116405145108,-1.2413968777585536
3,0.8017837257372727,-1.2247650163813524,1.224744871391575,1.224744871391589,1.224744871391589,-0.2672612419124239,-0.267261241912424,-1.0080617791666016,-1.1518910906325044
4,0.5345224838248487,-1.2247650163813524,1.224744871391575,1.224744871391589,1.224744871391589,-0.2672612419124239,-0.267261241912424,-0.9318608778005224,-1.02709589278734
5,0.26726124191242406,-1.2247650163813524,1.224744871391575,1.224744871391589,1.224744871391589,-0.2672612419124239,-0.267261241912424,-0.8271201353478416,-0.87138674575618
6,-5.93439168722175e-16,-1.2247650163813524,1.224744871391575,1.224744871391589,1.224744871391589,-0.2672612419124239,-0.267261241912424,-0.6959600215292062,-0.6976929967423394
7,-0.2672612419124246,-1.2247650163813524,1.224744871391575,1.224744871391589,1.224744871391589,-0.2672612419124239,-0.267261241912424,-0.5433583974962238,-0.5221581292512866
8,-0.5345224838248492,-1.2247650163813524,1.224744871391575,1.224744871391589,1.224744871391589,-0.2672612419124239,-0.267261241912424,-0.37456040747409736,-0.3590525911560779
9,-0.8017837257372733,-1.2247650163813524,1.224744871391575,1.224744871391589,1.224744871391589,-0.2672612419124239,-0.267261241912424,-0.19381448217586728,-0.21906488131510607
10,-1.069044967649698,-1.2247650163813524,1.224744871391575,1.224744871391589,1.224744871391589,-0.2672612419124239,-0.267261241912424,-0.0042361763573347125,-0.10970768038638572
11,-1.3363062095621223,-1.2247650163813524,1.224744871391575,1.224744871391589,1.224744871391589,-0.2672612419124239,-0.267261241912424,0.19196596493236773,-0.036180940135796834
12,-1.6035674514745466,-1.2247650163813524,1.224744871391575,1.224744871391589,1.224744871391589,-0.2672612419124239,-0.267261241912424,0.3932231749501442,-0.0021201199836155403
0,1.6035674514745462,4.029097362917199e-05,-1.3923737144427707e-14,1.224744871391589,-1.224744871391589,-0.2672612419124239,1.3363062095621219,-1.104730682968041,-1.3329337176460023
1,1.3363062095621214,4.029097362917199e-05,-1.3923737144427707e-14,1.224744871391589,-1.224744871391589,-0.2672612419124239,1.3363062095621219,-1.077623814368742,-1.276259569773387
2,1.0690449676496974,4.029097362917199e-05,-1.3923737144427707e-14,1.224744871391589,-1.224744871391589,-0.2672612419124239,1.3363062095621219,-1.00639620734814,-1.1366132803655247
3,0.8017837257372727,4.029097362917199e-05,-1.3923737144427707e-14,1.224744871391589,-1.224744871391589,-0.2672612419124239,1.3363062095621219,-0.8775121467561143,-0.9030346460736958
4,0.5345224838248487,4.029097362917199e-05,-1.3923737144427707e-14,1.224744871391589,-1.224744871391589,-0.2672612419124239,1.3363062095621219,-0.6940673546529077,-0.6004728376897722
5,0.26726124191242406,4.029097362917199e-05,-1.3923737144427707e-14,1.224744871391589,-1.224744871391589,-0.2672612419124239,1.3363062095621219,-0.46367538449503476,-0.2600873349443809
6,-5.93439168722175e-16,4.029097362917199e-05,-1.3923737144427707e-14,1.224744871391589,-1.224744871391589,-0.2672612419124239,1.3363062095621219,-0.19427570819843595,0.08986559679210701
7,-0.2672612419124246,4.029097362917199e-05,-1.3923737144427707e-14,1.224744871391589,-1.224744871391589,-0.2672612419124239,1.3363062095621219,0.10669033890043313,0.4254168574347736
8,-0.5345224838248492,4.029097362917199e-05,-1.3923737144427707e-14,1.224744871391589,-1.224744871391589,-0.2672612419124239,1.3363062095621219,0.4327769673709391,0.727274528244781
9,-0.8017837257372733,4.029097362917199e-05,-1.3923737144427707e-14,1.224744871391589,-1.224744871391589,-0.2672612419124239,1.3363062095621219,0.7787809556667806,0.980570401879959
10,-1.069044967649698,4.029097362917199e-05,-1.3923737144427707e-14,1.224744871391589,-1.224744871391589,-0.2672612419124239,1.3363062095621219,1.14063464453,1.1740433466438323
11,-1.3363062095621223,4.029097362917199e-05,-1.3923737144427707e-14,1.224744871391589,-1.224744871391589,-0.2672612419124239,1.3363062095621219,1.5152002624529897,1.2991950880648444
12,-1.6035674514745466,4.029097362917199e-05,-1.3923737144427707e-14,1.224744871391589,-1.224744871391589,-0.2672612419124239,1.3363062095621219,1.9000582471069052,1.349578979097018
0,1.6035674514745462,4.029097362917199e-05,1.224744871391575,-1.224744871391589,0.0,-0.2672612419124239,1.3363062095621219,-1.0913278962953301,-1.3028764555649854
1,1.3363062095621214,4.029097362917199e-05,1.224744871391575,-1.224744871391589,0.0,-0.2672612419124239,1.3363062095621219,-1.0392311113273356,-1.1944645977859125
2,1.0690449676496974,4.029097362917199e-05,1.224744871391575,-1.224744871391589,0.0,-0.2672612419124239,1.3363062095621219,-0.9299043523861749,-0.9822258228151862
3,0.8017837257372727,4.029097362917199e-05,1.224744871391575,-1.224744871391589,0.0,-0.2672612419124239,1.3363062095621219,-0.7596480777498335,-0.6783596882621646
4,0.5345224838248487,4.029097362917199e-05,1.224744871391575,-1.224744871391589,0.0,-0.2672612419124239,1.3363062095621219,-0.5350371849086739,-0.3151583515300579
5,0.26726124191242406,4.029097362917199e-05,1.224744871391575,-1.224744871391589,0.0,-0.2672612419124239,1.3363062095621219,-0.264208931261685,0.07540719359717578
6,-5.93439168722175e-16,4.029097362917199e-05,1.224744871391575,-1.224744871391589,0.0,-0.2672612419124239,1.3363062095621219,0.044758255291354916,0.4651080492481892
7,-0.2672612419124246,4.029097362917199e-05,1.224744871391575,-1.224744871391589,0.0,-0.2672612419124239,1.3363062095621219,0.38454725866738954,0.8304484378486839
8,-0.5345224838248492,4.029097362917199e-05,1.224744871391575,-1.224744871391589,0.0,-0.2672612419124239,1.3363062095621219,0.7489810280323936,1.1527485085954925
9,-0.8017837257372733,4.029097362917199e-05,1.224744871391575,-1.224744871391589,0.0,-0.2672612419124239,1.3363062095621219,1.1331316325160454,1.4176396683319414
10,-1.069044967649698,4.029097362917199e-05,1.224744871391575,-1.224744871391589,0.0,-0.2672612419124239,1.3363062095621219,1.5331570260185465,1.6141812217428926
11,-1.3363062095621223,4.029097362917199e-05,1.224744871391575,-1.224744871391589,0.0,-0.2672612419124239,1.3363062095621219,1.9460889141950093,1.7340374870550512
12,-1.6035674514745466,4.029097362917199e-05,1.224744871391575,-1.224744871391589,0.0,-0.2672612419124239,1.3363062095621219,2.369632799505584,1.7708085556823272
0,1.6035674514745462,4.029097362917199e-05,-1.224744871391603,0.0,1.224744871391589,-0.2672612419124239,1.3363062095621219,-1.1106095748670912,-1.346117796365654
1,1.3363062095621214,4.029097362917199e-05,-1.224744871391603,0.0,1.224744871391589,-0.2672612419124239,1.3363062095621219,-1.0982202008465087,-1.3201398053789708
2,1.0690449676496974,4.029097362917199e-05,-1.224744871391603,0.0,1.224744871391589,-0.2672612419124239,1.3363062095621219,-1.0571879589901305,-1.2391288933603242
3,0.8017837257372727,4.029097362917199e-05,-1.224744871391603,0.0,1.224744871391589,-0.2672612419124239,1.3363062095621219,-0.9660634748898126,-1.071833043077396
4,0.5345224838248487,4.029097362917199e-05,-1.224744871391603,0.0,1.224744871391589,-0.2672612419124239,1.3363062095621219,-0.8207591789145683,-0.8277694116542427
5,0.26726124191242406,4.029097362917199e-05,-1.224744871391603,0.0,1.224744871391589,-0.2672612419124239,1.3363062095621219,-0.6273290426086421,-0.5353461866606355
6,-5.93439168722175e-16,4.029097362917199e-05,-1.224744871391603,0.0,1.224744871391589,-0.2672612419124239,1.3363062095621219,-0.39339863295757366,-0.22272334887894646
7,-0.2672612419124246,4.029097362917199e-05,-1.224744871391603,0.0,1.224744871391589,-0.2672612419124239,1.3363062095621219,-0.12644080232420074,0.0855819717205421
8,-0.5345224838248492,4.029097362917199e-05,-1.224744871391603,0.0,1.224744871391589,-0.2672612419124239,1.3363062095621219,0.1668348505388925,0.36943139759450416
9,-0.8017837257372733,4.029097362917199e-05,-1.224744871391603,0.0,1.224744871391589,-0.2672612419124239,1.3363062095621219,0.48092529935439676,0.6131841889607003
10,-1.069044967649698,4.029097362917199e-05,-1.224744871391603,0.0,1.224744871391589,-0.2672612419124239,1.3363062095621219,0.811525707819121,0.8050113757006311
11,-1.3363062095621223,4.029097362917199e-05,-1.224744871391603,0.0,1.224744871391589,-0.2672612419124239,1.3363062095621219,1.1553450810012358,0.9360379481427097
12,-1.6035674514745466,4.029097362917199e-05,-1.224744871391603,0.0,1.224744871391589,-0.2672612419124239,1.3363062095621219,1.5098860959582487,0.999576941754523
0,1.6035674514745462,4.029097362917199e-05,-1.3923737144427707e-14,1.224744871391589,-1.224744871391589,1.3363062095621225,-1.069044967649697,-1.104758128425428,-1.3329952671823606
1,1.3363062095621214,4.029097362917199e-05,-1.3923737144427707e-14,1.224744871391589,-1.224744871391589,1.3363062095621225,-1.069044967649697,-1.0777555038047006,-1.2765401317779344
2,1.0690449676496974,4.029097362917199e-05,-1.3923737144427707e-14,1.224744871391589,-1.224744871391589,1.3363062095621225,-1.069044967649697,-1.0069495439159817,-1.1377301081104025
3,0.8017837257372727,4.029097362917199e-05,-1.3923737144427707e-14,1.224744871391589,-1.224744871391589,1.3363062095621225,-1.069044967649697,-0.8790913136334951,-0.9060448870618463
4,0.5345224838248487,4.029097362917199e-05,-1.3923737144427707e-14,1.224744871391589,-1.224744871391589,1.3363062095621225,-1.069044967649697,-0.6974973211659011,-0.6066265073662471
5,0.26726124191242406,4.029097362917199e-05,-1.3923737144427707e-14,1.224744871391589,-1.224744871391589,1.3363062095621225,-1.069044967649697,-0.469857987891874,-0.2704862244727141
6,-5.93439168722175e-16,4.029097362917199e-05,-1.3923737144427707e-14,1.224744871391589,-1.224744871391589,1.3363062095621225,-1.069044967649697,-0.2041327332382055,0.07439175284188485
7,-0.2672612419124246,4.029097362917199e-05,-1.3923737144427707e-14,1.224744871391589,-1.224744871391589,1.3363062095621225,-1.069044967649697,0.09222721120875911,0.4043339797018737
8,-0.5345224838248492,4.029097362917199e-05,-1.3923737144427707e-14,1.224744871391589,-1.224744871391589,1.3363062095621225,-1.069044967649697,0.41278248278999224,0.7003705950001518
9,-0.8017837257372733,4.029097362917199e-05,-1.3923737144427707e-14,1.224744871391589,-1.224744871391589,1.3363062095621225,-1.069044967649697,0.7522304745697914,0.9478220538305362
10,-1.069044967649698,4.029097362917199e-05,-1.3923737144427707e-14,1.224744871391589,-1.224744871391589,1.3363062095621225,-1.069044967649697,1.106424676191572,1.1356834887560314
11,-1.3363062095621223,4.029097362917199e-05,-1.3923737144427707e-14,1.224744871391589,-1.224744871391589,1.3363062095621225,-1.069044967649697,1.471878341522181,1.2554756539366616
12,-1.6035674514745466,4.029097362917199e-05,-1.3923737144427707e-14,1.224744871391589,-1.224744871391589,1.3363062095621225,-1.069044967649697,1.8456520349227732,1.30077415011967
0,1.6035674514745462,4.029097362917199e-05,1.224744871391575,-1.224744871391589,0.0,1.3363062095621225,-1.069044967649697,-1.0914089658482253,-1.3030582631888532
1,1.3363062095621214,4.029097362917199e-05,1.224744871391575,-1.224744871391589,0.0,1.3363062095621225,-1.069044967649697,-1.03960830417265,-1.19526820044403
2,1.0690449676496974,4.029097362917199e-05,1.224744871391575,-1.224744871391589,0.0,1.3363062095621225,-1.069044967649697,-0.9311644363282774,-0.9847691152509356
3,0.8017837257372727,4.029097362917199e-05,1.224744871391575,-1.224744871391589,0.0,1.3363062095621225,-1.069044967649697,-0.762679382888477,-0.6841380256289351
4,0.5345224838248487,4.029097362917199e-05,1.224744871391575,-1.224744871391589,0.0,1.3363062095621225,-1.069044967649697,-0.5408522001448313,-0.325591014003999
5,0.26726124191242406,4.029097362917199e-05,1.224744871391575,-1.224744871391589,0.0,1.3363062095621225,-1.069044967649697,-0.27389814719568933,0.059110323226130336
6,-5.93439168722175e-16,4.029097362917199e-05,1.224744871391575,-1.224744871391589,0.0,1.3363062095621225,-1.069044967649697,0.030108379814748492,0.44211024959762724
7,-0.2672612419124246,4.029097362917199e-05,1.224744871391575,-1.224744871391589,0.0,1.3363062095621225,-1.069044967649697,0.36384172444753093,0.8002660142638496
8,-0.5345224838248492,4.029097362917199e-05,1.224744871391575,-1.224744871391589,0.0,1.3363062095621225,-1.069044967649697,0.7211101847107629,1.1152464011937746
9,-0.8017837257372733,4.029097362917199e-05,1.224744871391575,-1.224744871391589,0.0,1.3363062095621225,-1.069044967649697,1.0968832506682311,1.3729295698352622
10,-1.069044967649698,4.029097362917199e-05,1.224744871391575,-1.224744871391589,0.0,1.3363062095621225,-1.069044967649697,1.4871040149562602,1.5625416837527268
11,-1.3363062095621223,4.029097362917199e-05,1.224744871391575,-1.224744871391589,0.0,1.3363062095621225,-1.069044967649697,1.8884216271565428,1.675841056636927
12,-1.6035674514745466,4.029097362917199e-05,1.224744871391575,-1.224744871391589,0.0,1.3363062095621225,-1.069044967649697,2.2978887502230205,1.7064509039581517
0,1.6035674514745462,4.029097362917199e-05,-1.224744871391603,0.0,1.224744871391589,1.3363062095621225,-1.069044967649697,-1.110611563929473,-1.3461222570625793
1,1.3363062095621214,4.029097362917199e-05,-1.224744871391603,0.0,1.224744871391589,1.3363062095621225,-1.069044967649697,-1.0982392969091335,-1.3201804892012525
2,1.0690449676496974,4.029097362917199e-05,-1.224744871391603,0.0,1.224744871391589,1.3363062095621225,-1.069044967649697,-1.0573599957615252,-1.2394761240524548
3,0.8017837257372727,4.029097362917199e-05,-1.224744871391603,0.0,1.224744871391589,1.3363062095621225,-1.069044967649697,-0.966805753597156,-1.0732479903014553
4,0.5345224838248487,4.029097362917199e-05,-1.224744871391603,0.0,1.224744871391589,1.3363062095621225,-1.069044967649697,-0.8227310099417874,-0.8313070545884707
5,0.26726124191242406,4.029097362917199e-05,-1.224744871391603,0.0,1.224744871391589,1.3363062095621225,-1.069044967649697,-0.6312597310361645,-0.541957446045153
6,-5.93439168722175e-16,4.029097362917199e-05,-1.224744871391603,0.0,1.224744871391589,1.3363062095621225,-1.069044967649697,-0.40002937427978985,-0.23313247902524284
7,-0.2672612419124246,4.029097362917199e-05,-1.224744871391603,0.0,1.224744871391589,1.3363062095621225,-1.069044967649697,-0.1365046692647908,0.07091188923549467
8,-0.5345224838248492,4.029097362917199e-05,-1.224744871391603,0.0,1.224744871391589,1.3363062095621225,-1.069044967649697,0.1526672456660702,0.350367925655952
9,-0.8017837257372733,4.029097362917199e-05,-1.224744871391603,0.0,1.224744871391589,1.3363062095621225,-1.069044967649697,0.46201826876079855,0.589863556230981
10,-1.069044967649698,4.029097362917199e-05,-1.224744871391603,0.0,1.224744871391589,1.3363062095621225,-1.069044967649697,0.7872422152044908,0.7777821389909813
11,-1.3363062095621223,4.029097362917199e-05,-1.224744871391603,0.0,1.224744871391589,1.3363062095621225,-1.069044967649697,1.1249970817690214,0.9054114817984763
12,-1.6035674514745466,4.029097362917199e-05,-1.224744871391603,0.0,1.224744871391589,1.3363062095621225,-1.069044967649697,1.4726705201827062,0.9661928898585406
0,1.6035674514745462,1.2247247254077231,1.224744871391575,0.0,-1.224744871391589,1.3363062095621225,-0.267261241912424,-1.0815279709282648,-1.2808990166692356
1,1.3363062095621214,1.2247247254077231,1.224744871391575,0.0,-1.224744871391589,1.3363062095621225,-0.267261241912424,-1.0151792331051654,-1.143222498387316
2,1.0690449676496974,1.2247247254077231,1.224744871391575,0.0,-1.224744871391589,1.3363062095621225,-0.267261241912424,-0.8890800707951011,-0.8998280689066303
3,0.8017837257372727,1.2247247254077231,1.224744871391575,0.0,-1.224744871391589,1.3363062095621225,-0.267261241912424,-0.704143822562866,-0.5725563141072485
4,0.5345224838248487,1.2247247254077231,1.224744871391575,0.0,-1.224744871391589,1.3363062095621225,-0.267261241912424,-0.4679137257320784,-0.1947328040063794
5,0.26726124191242406,1.2247247254077231,1.224744871391575,0.0,-1.224744871391589,1.3363062095621225,-0.267261241912424,-0.18857112676252846,0.20262692979349894
6,-5.93439168722175e-16,1.2247247254077231,1.224744871391575,0.0,-1.224744871391589,1.3363062095621225,-0.267261241912424,0.12602958354281532,0.5926901387647019
7,-0.2672612419124246,1.2247247254077231,1.224744871391575,0.0,-1.224744871391589,1.3363062095621225,-0.267261241912424,0.46897724406178326,0.9535218903554495
8,-0.5345224838248492,1.2247247254077231,1.224744871391575,0.0,-1.224744871391589,1.3363062095621225,-0.267261241912424,0.8345167428495522,1.2678426062780788
9,-0.8017837257372733,1.2247247254077231,1.224744871391575,0.0,-1.224744871391589,1.3363062095621225,-0.267261241912424,1.2180788253160626,1.5224166863254818
10,-1.069044967649698,1.2247247254077231,1.224744871391575,0.0,-1.224744871391589,1.3363062095621225,-0.267261241912424,1.6160727551446705,1.7071551629776966
11,-1.3363062095621223,1.2247247254077231,1.224744871391575,0.0,-1.224744871391589,1.3363062095621225,-0.267261241912424,2.0256635929756257,1.8143423270176393
12,-1.6035674514745466,1.2247247254077231,1.224744871391575,0.0,-1.224744871391589,1.3363062095621225,-0.267261241912424,2.4445636792840015,1.8380249382588467
0,1.6035674514745462,1.2247247254077231,-1.224744871391603,1.224744871391589,0.0,1.3363062095621225,-0.267261241912424,-1.1087830701150647,-1.342021653275078
1,1.3363062095621214,1.2247247254077231,-1.224744871391603,1.224744871391589,0.0,1.3363062095621225,-0.267261241912424,-1.0911970737665095,-1.305177157863544
2,1.0690449676496974,1.2247247254077231,-1.224744871391603,1.224744871391589,0.0,1.3363062095621225,-0.267261241912424,-1.038492594326964,-1.2013950742529445
3,0.8017837257372727,1.2247247254077231,-1.224744871391603,1.224744871391589,0.0,1.3363062095621225,-0.267261241912424,-0.9330356101898322,-1.0088746353910159
4,0.5345224838248487,1.2247247254077231,-1.224744871391603,1.224744871391589,0.0,1.3363062095621225,-0.267261241912424,-0.7750163388771265,-0.7457026256993597
5,0.26726124191242406,1.2247247254077231,-1.224744871391603,1.224744871391589,0.0,1.3363062095621225,-0.267261241912424,-0.5713776475959547,-0.44123819713788637
6,-5.93439168722175e-16,1.2247247254077231,-1.224744871391603,1.224744871391589,0.0,1.3363062095621225,-0.267261241912424,-0.3297317295379864,-0.1227771963294957
7,-0.2672612419124246,1.2247247254077231,-1.224744871391603,1.224744871391589,0.0,1.3363062095621225,-0.267261241912424,-0.05734984921514871,0.1862957417916039
8,-0.5345224838248492,1.2247247254077231,-1.224744871391603,1.224744871391589,0.0,1.3363062095621225,-0.267261241912424,0.2394855161832903,0.4671877889014003
9,-0.8017837257372733,1.2247247254077231,-1.224744871391603,1.224744871391589,0.0,1.3363062095621225,-0.267261241912424,0.5556646246765871,0.7053704446330198
10,-1.069044967649698,1.2247247254077231,-1.224744871391603,1.224744871391589,0.0,1.3363062095621225,-0.267261241912424,0.8872321717790235,0.8899015214605037
11,-1.3363062095621223,1.2247247254077231,-1.224744871391603,1.224744871391589,0.0,1.3363062095621225,-0.267261241912424,1.2311646493974346,1.0125532215863569
12,-1.6035674514745466,1.2247247254077231,-1.224744871391603,1.224744871391589,0.0,1.3363062095621225,-0.267261241912424,1.5851543357614852,1.067095951506398
0,1.6035674514745462,1.2247247254077231,-1.3923737144427707e-14,-1.224744871391589,1.224744871391589,1.3363062095621225,-0.267261241912424,-1.100217177928873,-1.3228116730907094
1,1.3363062095621214,1.2247247254077231,-1.3923737144427707e-14,-1.224744871391589,1.224744871391589,1.3363062095621225,-0.267261241912424,-1.0635548415130107,-1.246285872964752
2,1.0690449676496974,1.2247247254077231,-1.3923737144427707e-14,-1.224744871391589,1.224744871391589,1.3363062095621225,-0.267261241912424,-0.9773800851225984,-1.0780485437592713
3,0.8017837257372727,1.2247247254077231,-1.3923737144427707e-14,-1.224744871391589,1.224744871391589,1.3363062095621225,-0.267261241912424,-0.8340520573247491,-0.8201901130298125
4,0.5345224838248487,1.2247247254077231,-1.3923737144427707e-14,-1.224744871391589,1.224744871391589,1.3363062095621225,-0.267261241912424,-0.6391733533199946,-0.5019880419510778
5,0.26726124191242406,1.2247247254077231,-1.3923737144427707e-14,-1.224744871391589,1.224744871391589,1.3363062095621225,-0.267261241912424,-0.40066542761219354,-0.1541071290743634
6,-5.93439168722175e-16,1.2247247254077231,-1.3923737144427707e-14,-1.224744871391589,1.224744871391589,1.3363062095621225,-0.267261241912424,-0.12636688112317457,0.19647084419338448
7,-0.2672612419124246,1.2247247254077231,-1.3923737144427707e-14,-1.224744871391589,1.224744871391589,1.3363062095621225,-0.267261241912424,0.17656886984651027,0.5272786784390165
8,-0.5345224838248492,1.2247247254077231,-1.3923737144427707e-14,-1.224744871391589,1.224744871391589,1.3363062095621225,-0.267261241912424,0.5021093416699863,0.8205659337962244
9,-0.8017837257372733,1.2247247254077231,-1.3923737144427707e-14,-1.224744871391589,1.224744871391589,1.3363062095621225,-0.267261241912424,0.845356880605792,1.0626876167677237
10,-1.069044967649698,1.2247247254077231,-1.3923737144427707e-14,-1.224744871391589,1.224744871391589,1.3363062095621225,-0.267261241912424,1.2024239689018201,1.2433281141255894
11,-1.3363062095621223,1.2247247254077231,-1.3923737144427707e-14,-1.224744871391589,1.224744871391589,1.3363062095621225,-0.267261241912424,1.5701750273639608,1.3546742903161995
12,-1.6035674514745466,1.2247247254077231,-1.3923737144427707e-14,-1.224744871391589,1.224744871391589,1.3363062095621225,-0.267261241912424,1.9459629497035813,1.3907575700988053
0,1.6035674514745462,-1.2247650163813524,-1.224744871391603,-1.224744871391589,-1.224744871391589,1.3363062095621225,1.3363062095621219,-1.1125115765804714,-1.3503832499145052
1,1.3363062095621214,-1.2247650163813524,-1.224744871391603,-1.224744871391589,-1.224744871391589,1.3363062095621225,1.3363062095621219,-1.1061162007089564,-1.3369620928554597
2,1.0690449676496974,-1.2247650163813524,-1.224744871391603,-1.224744871391589,-1.224744871391589,1.3363062095621225,1.3363062095621219,-1.0818082696774445,-1.2888213367322867
3,0.8017837257372727,-1.2247650163813524,-1.224744871391603,-1.224744871391589,-1.224744871391589,1.3363062095621225,1.3363062095621219,-1.0168878451592722,-1.1687155225502535
4,0.5345224838248487,-1.2247650163813524,-1.224744871391603,-1.224744871391589,-1.224744871391589,1.3363062095621225,1.3363062095621219,-0.8996419126639997,-0.9692921597138674
5,0.26726124191242406,-1.2247650163813524,-1.224744871391603,-1.224744871391589,-1.224744871391589,1.3363062095621225,1.3363062095621219,-0.7341918744716335,-0.7150851593717404
6,-5.93439168722175e-16,-1.2247650163813524,-1.224744871391603,-1.224744871391589,-1.224744871391589,1.3363062095621225,1.3363062095621219,-0.5285606927518304,-0.43490467263622373
7,-0.2672612419124246,-1.2247650163813524,-1.224744871391603,-1.224744871391589,-1.224744871391589,1.3363062095621225,1.3363062095621219,-0.2909282717068968,-0.15419114509884702
8,-0.5345224838248492,-1.2247650163813524,-1.224744871391603,-1.224744871391589,-1.224744871391589,1.3363062095621225,1.3363062095621219,-0.029090836628477352,0.10580011532169221
9,-0.8017837257372733,-1.2247650163813524,-1.224744871391603,-1.224744871391589,-1.224744871391589,1.3363062095621225,1.3363062095621219,0.2496807665160036,0.3279586061076405
10,-1.069044967649698,-1.2247650163813524,-1.224744871391603,-1.224744871391589,-1.224744871391589,1.3363062095621225,1.3363062095621219,0.538092766355215,0.4984092569077665
11,-1.3363062095621223,-1.2247650163813524,-1.224744871391603,-1.224744871391589,-1.224744871391589,1.3363062095621225,1.3363062095621219,0.826910610830761,0.6045898296029955
12,-1.6035674514745466,-1.2247650163813524,-1.224744871391603,-1.224744871391589,-1.224744871391589,1.3363062095621225,1.3363062095621219,1.1009253775612806,0.6327207112147538
0,1.6035674514745462,-1.2247650163813524,-1.3923737144427707e-14,0.0,0.0,1.3363062095621225,1.3363062095621219,-1.1094650790883667,-1.34355113538598
1,1.3363062095621214,-1.2247650163813524,-1.3923737144427707e-14,0.0,0.0,1.3363062095621225,1.3363062095621219,-1.094316642981911,-1.3118233446743957
2,1.0690449676496974,-1.2247650163813524,-1.3923737144427707e-14,0.0,0.0,1.3363062095621225,1.3363062095621219,-1.0471628635575372,-1.218894725992999
3,0.8017837257372727,-1.2247650163813524,-1.3923737144427707e-14,0.0,0.0,1.3363062095621225,1.3363062095621219,-0.9474396906594792,-1.0363319953745693
4,0.5345224838248487,-1.2247650163813524,-1.3923737144427707e-14,0.0,0.0,1.3363062095621225,1.3363062095621219,-0.792834114400854,-0.7776693240700995
5,0.26726124191242406,-1.2247650163813524,-1.3923737144427707e-14,0.0,0.0,1.3363062095621225,1.3363062095621219,-0.5905787400710213,-0.47353366017431575
6,-5.93439168722175e-16,-1.2247650163813524,-1.3923737144427707e-14,0.0,0.0,1.3363062095621225,1.3363062095621219,-0.3491514331975976,-0.15326281067824543
7,-0.2672612419124246,-1.2247650163813524,-1.3923737144427707e-14,0.0,0.0,1.3363062095621225,1.3363062095621219,-0.07689062897612847,0.15781117888869722
8,-0.5345224838248492,-1.2247650163813524,-1.3923737144427707e-14,0.0,0.0,1.3363062095621225,1.3363062095621219,0.21836288872606488,0.4387658630068019
9,-0.8017837257372733,-1.2247650163813524,-1.3923737144427707e-14,0.0,0.0,1.3363062095621225,1.3363062095621219,0.5292114083990247,0.6727420666190895
10,-1.069044967649698,-1.2247650163813524,-1.3923737144427707e-14,0.0,0.0,1.3363062095621225,1.3363062095621219,0.8478192798003669,0.8457075917762651
11,-1.3363062095621223,-1.2247650163813524,-1.3923737144427707e-14,0.0,0.0,1.3363062095621225,1.3363062095621219,1.1633583380167505,0.9441247331862798
12,-1.6035674514745466,-1.2247650163813524,-1.3923737144427707e-14,0.0,0.0,1.3363062095621225,1.3363062095621219,1.460121831557529,0.9549361495405592
0,1.6035674514745462,-1.2247650163813524,1.224744871391575,1.224744871391589,1.224744871391589,1.3363062095621225,1.3363062095621219,-1.1020544425582401,-1.3269319464208456
1,1.3363062095621214,-1.2247650163813524,1.224744871391575,1.224744871391589,1.224744871391589,1.3363062095621225,1.3363062095621219,-1.0698644451552741,-1.2597283714680327
2,1.0690449676496974,-1.2247650163813524,1.224744871391575,1.224744871391589,1.224744871391589,1.3363062095621225,1.3363062095621219,-0.9900732076947987,-1.1036677279622327
3,0.8017837257372727,-1.2247650163813524,1.224744871391575,1.224744871391589,1.224744871391589,1.3363062095621225,1.3363062095621219,-0.8510171426274258,-0.8525293140839083
4,0.5345224838248487,-1.2247650163813524,1.224744871391575,1.224744871391589,1.224744871391589,1.3363062095621225,1.3363062095621219,-0.6571644051507652,-0.5342656136648264
5,0.26726124191242406,-1.2247650163813524,1.224744871391575,1.224744871391589,1.224744871391589,1.3363062095621225,1.3363062095621219,-0.4170391251002519,-0.18164702779012273
6,-5.93439168722175e-16,-1.2247650163813524,1.224744871391575,1.224744871391589,1.224744871391589,1.3363062095621225,1.3363062095621219,-0.13944018312155088,0.17594799533981864
7,-0.2672612419124246,-1.2247650163813524,1.224744871391575,1.224744871391589,1.224744871391589,1.3363062095621225,1.3363062095621219,0.16712872974311455,0.5135178015509619
8,-0.5345224838248492,-1.2247650163813524,1.224744871391575,1.224744871391589,1.224744871391589,1.3363062095621225,1.3363062095621219,0.49465920817897396,0.8105412745811139
9,-0.8017837257372733,-1.2247650163813524,1.224744871391575,1.224744871391589,1.224744871391589,1.3363062095621225,1.3363062095621219,0.835218669464105,1.0501827711548073
10,-1.069044967649698,-1.2247650163813524,1.224744871391575,1.224744871391589,1.224744871391589,1.3363062095621225,1.3363062095621219,1.179411374203904,1.2175239434374214
11,-1.3363062095621223,-1.2247650163813524,1.224744871391575,1.224744871391589,1.224744871391589,1.3363062095621225,1.3363062095621219,1.5124391661189485,1.2964086564684598
12,-1.6035674514745466,-1.2247650163813524,1.224744871391575,1.224744871391589,1.224744871391589,1.3363062095621225,1.3363062095621219,1.8240463264486486,1.2813928540381598
