,V_cell,P_b,T_cell,stoichi_anode,stoichi_cathode,W_ch,D_ch,i_ave,W
0,1.0,0.0,373.15,1.5,2.0,0.4,0.4,5.038917457576446,5.038917457576446
1,0.95,0.0,373.15,1.5,2.0,0.4,0.4,22.774962529764043,21.63621440327584
2,0.9,0.0,373.15,1.5,2.0,0.4,0.4,90.51477290072863,81.46329561065576
3,0.85,0.0,373.15,1.5,2.0,0.4,0.4,273.0582413446479,232.0995051429507
4,0.8,0.0,373.15,1.5,2.0,0.4,0.4,606.0208737438263,484.8166989950611
5,0.75,0.0,373.15,1.5,2.0,0.4,0.4,1080.186591054746,810.1399432910596
6,0.7,0.0,373.15,1.5,2.0,0.4,0.4,1675.2341487560595,1172.6639041292417
7,0.65,0.0,373.15,1.5,2.0,0.4,0.4,2369.417939873037,1540.1216609174742
8,0.6,0.0,373.15,1.5,2.0,0.4,0.4,3142.9676567316733,1885.780594039004
9,0.55,0.0,373.15,1.5,2.0,0.4,0.4,3978.929652054867,2188.411308630177
10,0.5,0.0,373.15,1.5,2.0,0.4,0.4,4863.726871817266,2431.863435908633
11,0.45,0.0,373.15,1.5,2.0,0.4,0.4,5786.756132416581,2604.0402595874616
12,0.4,0.0,373.15,1.5,2.0,0.4,0.4,6739.73005044871,2695.8920201794845
0,1.0,0.0,383.15,3.5,4.0,0.4,0.4,13.46437907866505,13.46437907866505
1,0.95,0.0,383.15,3.5,4.0,0.4,0.4,55.53529725912689,52.758532396170544
2,0.9,0.0,383.15,3.5,4.0,0.4,0.4,187.46347684922557,168.71712916430303
3,0.85,0.0,383.15,3.5,4.0,0.4,0.4,469.36046356770873,398.9563940325524
4,0.8,0.0,383.15,3.5,4.0,0.4,0.4,910.7286668006739,728.5829334405391
5,0.75,0.0,383.15,3.5,4.0,0.4,0.4,1494.2023813298515,1120.6517859973887
6,0.7,0.0,383.15,3.5,4.0,0.4,0.4,2197.262194942578,1538.0835364598045
7,0.65,0.0,383.15,3.5,4.0,0.4,0.4,2998.328010582442,1948.9132068785873
8,0.6,0.0,383.15,3.5,4.0,0.4,0.4,3877.812242060911,2326.6873452365467
9,0.55,0.0,383.15,3.5,4.0,0.4,0.4,4819.4829125659935,2650.7156019112967
10,0.5,0.0,383.15,3.5,4.0,0.4,0.4,5810.493561785065,2905.2467808925326
11,0.45,0.0,383.15,3.5,4.0,0.4,0.4,6840.909778621697,3078.4094003797636
12,0.4,0.0,383.15,3.5,4.0,0.4,0.4,7903.098924343726,3161.2395697374905
0,1.0,0.0,393.15,5.5,6.0,0.4,0.4,33.96473728087823,33.96473728087823
1,0.95,0.0,393.15,5.5,6.0,0.4,0.4,123.74598511028557,117.55868585477128
2,0.9,0.0,393.15,5.5,6.0,0.4,0.4,348.3078959695801,313.4771063726221
3,0.85,0.0,393.15,5.5,6.0,0.4,0.4,743.9049377950525,632.3191971257946
4,0.8,0.0,393.15,5.5,6.0,0.4,0.4,1301.034432967989,1040.8275463743912
5,0.75,0.0,393.15,5.5,6.0,0.4,0.4,1998.421476423376,1498.816107317532
6,0.7,0.0,393.15,5.5,6.0,0.4,0.4,2812.823563924012,1968.9764947468082
7,0.65,0.0,393.15,5.5,6.0,0.4,0.4,3722.5961345065894,2419.687487429283
8,0.6,0.0,393.15,5.5,6.0,0.4,0.4,4708.795638242228,2825.2773829453367
9,0.55,0.0,393.15,5.5,6.0,0.4,0.4,5756.000511569108,3165.8002813630096
10,0.5,0.0,393.15,5.5,6.0,0.4,0.4,6852.080958371866,3426.040479185933
11,0.45,0.0,393.15,5.5,6.0,0.4,0.4,7987.648957706981,3594.4420309681414
12,0.4,0.0,393.15,5.5,6.0,0.4,0.4,9155.464882818238,3662.1859531272953
0,1.0,101330.0,383.15,5.5,2.0,0.4,0.8,26.66772758652896,26.66772758652896
1,0.95,101330.0,383.15,5.5,2.0,0.4,0.8,102.04959509124296,96.94711533668081
2,0.9,101330.0,383.15,5.5,2.0,0.4,0.8,300.51047160440675,270.4594244439661
3,0.85,101330.0,383.15,5.5,2.0,0.4,0.8,660.3743494163876,561.3181970039295
4,0.8,101330.0,383.15,5.5,2.0,0.4,0.8,1173.4479951725336,938.7583961380269
5,0.75,101330.0,383.15,5.5,2.0,0.4,0.8,1818.7789558566585,1364.084216892494
6,0.7,101330.0,383.15,5.5,2.0,0.4,0.8,2574.2532018604475,1801.9772413023131
7,0.65,101330.0,383.15,5.5,2.0,0.4,0.8,3418.9610282007593,2222.3246683304938
8,0.6,101330.0,383.15,5.5,2.0,0.4,0.8,4334.846624978049,2600.9079749868292
9,0.55,101330.0,383.15,5.5,2.0,0.4,0.8,5307.308787457385,2919.0198331015617
10,0.5,101330.0,383.15,5.5,2.0,0.4,0.8,6324.958124797598,3162.479062398799
11,0.45,101330.0,383.15,5.5,2.0,0.4,0.8,7379.048188725416,3320.5716849264372
12,0.4,101330.0,383.15,5.5,2.0,0.4,0.8,8462.886649213378,3385.1546596853514
0,1.0,101330.0,393.15,1.5,4.0,0.4,0.8,63.908684227243874,63.908684227243874
1,0.95,101330.0,393.15,1.5,4.0,0.4,0.8,208.88887434752803,198.44443063015163
2,0.9,101330.0,393.15,1.5,4.0,0.4,0.8,513.7733295415374,462.39599658738365
3,0.85,101330.0,393.15,1.5,4.0,0.4,0.8,989.5442959040607,841.1126515184516
4,0.8,101330.0,393.15,1.5,4.0,0.4,0.8,1618.3064718741928,1294.6451774993543
5,0.75,101330.0,393.15,1.5,4.0,0.4,0.8,2377.4766243676168,1783.1074682757126
6,0.7,101330.0,393.15,1.5,4.0,0.4,0.8,3244.5258700238996,2271.1681090167294
7,0.65,101330.0,393.15,1.5,4.0,0.4,0.8,4198.799565110762,2729.2197173219956
8,0.6,101330.0,393.15,1.5,4.0,0.4,0.8,5222.947440197557,3133.7684641185338
9,0.55,101330.0,393.15,1.5,4.0,0.4,0.8,6303.105407899396,3466.707974344668
10,0.5,101330.0,393.15,1.5,4.0,0.4,0.8,7428.485570211178,3714.242785105589
11,0.45,101330.0,393.15,1.5,4.0,0.4,0.8,8590.783595085022,3865.85261778826
12,0.4,101330.0,393.15,1.5,4.0,0.4,0.8,9783.618360896115,3913.447344358446
0,1.0,101330.0,373.15,3.5,6.0,0.4,0.8,10.356108552087203,10.356108552087203
1,0.95,101330.0,373.15,3.5,6.0,0.4,0.8,44.8373555100561,42.595487734553295
2,0.9,101330.0,373.15,3.5,6.0,0.4,0.8,159.11225565322022,143.2010300878982
3,0.85,101330.0,373.15,3.5,6.0,0.4,0.8,413.20794486708076,351.22675313701865
4,0.8,101330.0,373.15,3.5,6.0,0.4,0.8,819.0273607153242,655.2218885722594
5,0.75,101330.0,373.15,3.5,6.0,0.4,0.8,1359.941455640176,1019.9560917301319
6,0.7,101330.0,373.15,3.5,6.0,0.4,0.8,2014.9061161649133,1410.4342813154392
7,0.65,101330.0,373.15,3.5,6.0,0.4,0.8,2762.879315641189,1795.8715551667729
8,0.6,101330.0,373.15,3.5,6.0,0.4,0.8,3585.021386907251,2151.0128321443503
9,0.55,101330.0,373.15,3.5,6.0,0.4,0.8,4465.83635943537,2456.2099976894533
10,0.5,101330.0,373.15,3.5,6.0,0.4,0.8,5393.202812729428,2696.601406364714
11,0.45,101330.0,373.15,3.5,6.0,0.4,0.8,6357.8606107897795,2861.037274855401
12,0.4,101330.0,373.15,3.5,6.0,0.4,0.8,7352.792050406902,2941.1168201627606
0,1.0,202650.0,393.15,3.5,2.0,0.4,1.6,91.68050586606459,91.68050586606459
1,0.95,202650.0,393.15,3.5,2.0,0.4,1.6,277.61771479862415,263.73682905869293
2,0.9,202650.0,393.15,3.5,2.0,0.4,1.6,632.0677850138821,568.861006512494
3,0.85,202650.0,393.15,3.5,2.0,0.4,1.6,1153.4948199675518,980.470596972419
4,0.8,202650.0,393.15,3.5,2.0,0.4,1.6,1821.3346841045595,1457.0677472836478
5,0.75,202650.0,393.15,3.5,2.0,0.4,1.6,2612.779203140808,1959.584402355606
6,0.7,202650.0,393.15,3.5,2.0,0.4,1.6,3505.6811163846455,2453.976781469252
7,0.65,202650.0,393.15,3.5,2.0,0.4,1.6,4480.333092540614,2912.2165101513997
8,0.6,202650.0,393.15,3.5,2.0,0.4,1.6,5520.434125256235,3312.260475153741
9,0.55,202650.0,393.15,3.5,2.0,0.4,1.6,6613.074641362945,3637.19105274962
10,0.5,202650.0,393.15,3.5,2.0,0.4,1.6,7748.246040648925,3874.1230203244627
11,0.45,202650.0,393.15,3.5,2.0,0.4,1.6,8918.248543494916,4013.2118445727124
12,0.4,202650.0,393.15,3.5,2.0,0.4,1.6,10117.159262055582,4046.863704822233
0,1.0,202650.0,373.15,5.5,4.0,0.4,1.6,15.481166441374153,15.481166441374153
1,0.95,202650.0,373.15,5.5,4.0,0.4,1.6,64.59371320615533,61.364027545847556
2,0.9,202650.0,373.15,5.5,4.0,0.4,1.6,212.07055651849132,190.8635008666422
3,0.85,202650.0,373.15,5.5,4.0,0.4,1.6,507.926259753756,431.7373207906926
4,0.8,202650.0,373.15,5.5,4.0,0.4,1.6,952.4446301819717,761.9557041455773
5,0.75,202650.0,373.15,5.5,4.0,0.4,1.6,1526.6442738333744,1144.9832053750308
6,0.7,202650.0,373.15,5.5,4.0,0.4,1.6,2209.1887743617294,1546.4321420532106
7,0.65,202650.0,373.15,5.5,4.0,0.4,1.6,2979.513131091531,1936.6835352094952
8,0.6,202650.0,373.15,5.5,4.0,0.4,1.6,3819.6325314953137,2291.779518897188
9,0.55,202650.0,373.15,5.5,4.0,0.4,1.6,4714.987252466613,2593.2429888566376
10,0.5,202650.0,373.15,5.5,4.0,0.4,1.6,5654.276958212891,2827.1384791064456
11,0.45,202650.0,373.15,5.5,4.0,0.4,1.6,6628.894408149685,2983.0024836673583
12,0.4,202650.0,373.15,5.5,4.0,0.4,1.6,7632.319314448739,3052.9277257794956
0,1.0,202650.0,383.15,1.5,6.0,0.4,1.6,39.75809545669624,39.75809545669624
1,0.95,202650.0,383.15,1.5,6.0,0.4,1.6,143.09798900845124,135.94308955802867
2,0.9,202650.0,383.15,1.5,6.0,0.4,1.6,386.52793844204734,347.8751445978426
3,0.85,202650.0,383.15,1.5,6.0,0.4,1.6,793.1371362630468,674.1665658235898
4,0.8,202650.0,383.15,1.5,6.0,0.4,1.6,1348.9223374042615,1079.1378699234092
5,0.75,202650.0,383.15,1.5,6.0,0.4,1.6,2032.3548874131332,1524.26616555985
6,0.7,202650.0,383.15,1.5,6.0,0.4,1.6,2821.436231122964,1975.0053617860744
7,0.65,202650.0,383.15,1.5,6.0,0.4,1.6,3695.7626067143333,2402.245694364317
8,0.6,202650.0,383.15,1.5,6.0,0.4,1.6,4638.069210771704,2782.8415264630225
9,0.55,202650.0,383.15,1.5,6.0,0.4,1.6,5634.57986450444,3099.0189254774423
10,0.5,202650.0,383.15,1.5,6.0,0.4,1.6,6674.631507705209,3337.3157538526043
11,0.45,202650.0,383.15,1.5,6.0,0.4,1.6,7750.073840052619,3487.5332280236785
12,0.4,202650.0,383.15,1.5,6.0,0.4,1.6,8854.693551489858,3541.8774205959435
0,1.0,202650.0,393.15,3.5,2.0,0.8,0.4,91.49148123790832,91.49148123790832
1,0.95,202650.0,393.15,3.5,2.0,0.8,0.4,277.06318649312016,263.21002716846414
2,0.9,202650.0,393.15,3.5,2.0,0.8,0.4,630.8687338883514,567.7818604995163
3,0.85,202650.0,393.15,3.5,2.0,0.8,0.4,1151.3988565614954,978.6890280772711
4,0.8,202650.0,393.15,3.5,2.0,0.8,0.4,1818.1292376436047,1454.5033901148838
5,0.75,202650.0,393.15,3.5,2.0,0.8,0.4,2608.309640542793,1956.232230407095
6,0.7,202650.0,393.15,3.5,2.0,0.8,0.4,3499.8576075754645,2449.900325302825
7,0.65,202650.0,393.15,3.5,2.0,0.8,0.4,4473.08472119764,2907.505068778466
8,0.6,202650.0,393.15,3.5,2.0,0.8,0.4,5511.918869781703,3307.1513218690216
9,0.55,202650.0,393.15,3.5,2.0,0.8,0.4,6603.443759755232,3631.894067865378
10,0.5,202650.0,393.15,3.5,2.0,0.8,0.4,7737.720280026763,3868.8601400133816
11,0.45,202650.0,393.15,3.5,2.0,0.8,0.4,8907.108975241386,4008.199038858624
12,0.4,202650.0,393.15,3.5,2.0,0.8,0.4,10105.742247492668,4042.2968989970673
0,1.0,202650.0,373.15,5.5,4.0,0.8,0.4,15.47117167664105,15.47117167664105
1,0.95,202650.0,373.15,5.5,4.0,0.8,0.4,64.5504854152781,61.322961144514196
2,0.9,202650.0,373.15,5.5,4.0,0.8,0.4,211.80075285062213,190.62067756555993
3,0.85,202650.0,373.15,5.5,4.0,0.8,0.4,507.4022069473731,431.2918759052671
4,0.8,202650.0,373.15,5.5,4.0,0.8,0.4,950.9434226541648,760.7547381233319
5,0.75,202650.0,373.15,5.5,4.0,0.8,0.4,1524.2474901023393,1143.1856175767543
6,0.7,202650.0,373.15,5.5,4.0,0.8,0.4,2205.803575510596,1544.0625028574173
7,0.65,202650.0,373.15,5.5,4.0,0.8,0.4,2975.0703579021715,1933.7957326364115
8,0.6,202650.0,373.15,5.5,4.0,0.8,0.4,3814.125473234396,2288.4752839406374
9,0.55,202650.0,373.15,5.5,4.0,0.8,0.4,4708.406238988798,2589.623431443839
10,0.5,202650.0,373.15,5.5,4.0,0.8,0.4,5646.82641976629,2823.413209883145
11,0.45,202650.0,373.15,5.5,4.0,0.8,0.4,6620.752104302707,2979.338446936218
12,0.4,202650.0,373.15,5.5,4.0,0.8,0.4,7623.716607098674,3049.48664283947
0,1.0,202650.0,383.15,1.5,6.0,0.8,0.4,39.745991043650164,39.745991043650164
1,0.95,202650.0,383.15,1.5,6.0,0.8,0.4,142.97379772543914,135.82510783916717
2,0.9,202650.0,383.15,1.5,6.0,0.8,0.4,385.96024714200297,347.3642224278027
3,0.85,202650.0,383.15,1.5,6.0,0.8,0.4,791.7837363936342,673.016175934589
4,0.8,202650.0,383.15,1.5,6.0,0.8,0.4,1346.5121471125442,1077.2097176900354
5,0.75,202650.0,383.15,1.5,6.0,0.8,0.4,2028.734852065578,1521.5511390491836
6,0.7,202650.0,383.15,1.5,6.0,0.8,0.4,2816.464798091715,1971.5253586642002
7,0.65,202650.0,383.15,1.5,6.0,0.8,0.4,3689.357580563167,2398.0824273660587
8,0.6,202650.0,383.15,1.5,6.0,0.8,0.4,4630.218615111937,2778.131169067162
9,0.55,202650.0,383.15,1.5,6.0,0.8,0.4,5625.345386248501,3093.939962436676
10,0.5,202650.0,383.15,1.5,6.0,0.8,0.4,6664.145091266311,3332.0725456331556
11,0.45,202650.0,383.15,1.5,6.0,0.8,0.4,7738.531677418925,3482.3392548385164
12,0.4,202650.0,383.15,1.5,6.0,0.8,0.4,8842.35002819166,3536.9400112766643
0,1.0,0.0,373.15,1.5,2.0,0.8,0.8,5.051514956188286,5.051514956188286
1,0.95,0.0,373.15,1.5,2.0,0.8,0.8,22.822384322982014,21.681265106832914
2,0.9,0.0,373.15,1.5,2.0,0.8,0.8,90.60340468892066,81.5430642200286
3,0.85,0.0,373.15,1.5,2.0,0.8,0.8,272.77192555256596,231.85613671968105
4,0.8,0.0,373.15,1.5,2.0,0.8,0.8,604.1457709934556,483.3166167947645
5,0.75,0.0,373.15,1.5,2.0,0.8,0.8,1074.9884524234383,806.2413393175786
6,0.7,0.0,373.15,1.5,2.0,0.8,0.8,1664.3154533871036,1165.0208173709725
7,0.65,0.0,373.15,1.5,2.0,0.8,0.8,2350.6296815060905,1527.9092929789588
8,0.6,0.0,373.15,1.5,2.0,0.8,0.8,3113.9992741086335,1868.39956446518
9,0.55,0.0,373.15,1.5,2.0,0.8,0.8,3937.4030803079245,2165.5716941693586
10,0.5,0.0,373.15,1.5,2.0,0.8,0.8,4807.076960423331,2403.5384802116655
11,0.45,0.0,373.15,1.5,2.0,0.8,0.8,5712.018400348263,2570.4082801567183
12,0.4,0.0,373.15,1.5,2.0,0.8,0.8,6643.277487739314,2657.310995095726
0,1.0,0.0,383.15,3.5,4.0,0.8,0.8,13.51040237639341,13.51040237639341
1,0.95,0.0,383.15,3.5,4.0,0.8,0.8,55.66542424426671,52.882153032053374
2,0.9,0.0,383.15,3.5,4.0,0.8,0.8,187.57990542759623,168.82191488483662
3,0.85,0.0,383.15,3.5,4.0,0.8,0.8,468.61700751001996,398.324456383517
4,0.8,0.0,383.15,3.5,4.0,0.8,0.8,907.5540013228317,726.0432010582654
5,0.75,0.0,383.15,3.5,4.0,0.8,0.8,1485.9524052712177,1114.4643039534133
6,0.7,0.0,383.15,3.5,4.0,0.8,0.8,2181.6182321877204,1527.1327625314043
7,0.65,0.0,383.15,3.5,4.0,0.8,0.8,2972.786727338315,1932.3113727699047
8,0.6,0.0,383.15,3.5,4.0,0.8,0.8,3839.938685180278,2303.9632111081664
9,0.55,0.0,383.15,3.5,4.0,0.8,0.8,4766.85818060492,2621.771999332706
10,0.5,0.0,383.15,3.5,4.0,0.8,0.8,5740.5601009440215,2870.2800504720108
11,0.45,0.0,383.15,3.5,4.0,0.8,0.8,6750.838569063964,3037.877356078784
12,0.4,0.0,383.15,3.5,4.0,0.8,0.8,7789.592460000919,3115.836984000368
0,1.0,0.0,393.15,5.5,6.0,0.8,0.8,27.067668265983112,27.067668265983112
1,0.95,0.0,393.15,5.5,6.0,0.8,0.8,71.89874876530834,68.30381132704292
2,0.9,0.0,393.15,5.5,6.0,0.8,0.8,155.93652540916932,140.34287286825239
3,0.85,0.0,393.15,5.5,6.0,0.8,0.8,295.81153200976763,251.43980220830247
4,0.8,0.0,393.15,5.5,6.0,0.8,0.8,507.9235915387707,406.3388732310166
5,0.75,0.0,393.15,5.5,6.0,0.8,0.8,799.4788645072981,599.6091483804736
6,0.7,0.0,393.15,5.5,6.0,0.8,0.8,1164.574832814486,815.2023829701401
7,0.65,0.0,393.15,5.5,6.0,0.8,0.8,1589.3551724275737,1033.080862077923
8,0.6,0.0,393.15,5.5,6.0,0.8,0.8,2059.2195528492934,1235.531731709576
9,0.55,0.0,393.15,5.5,6.0,0.8,0.8,2562.342085249537,1409.2881468872454
10,0.5,0.0,393.15,5.5,6.0,0.8,0.8,3090.0503428724373,1545.0251714362187
11,0.45,0.0,393.15,5.5,6.0,0.8,0.8,3636.196642022187,1636.2884889099842
12,0.4,0.0,393.15,5.5,6.0,0.8,0.8,4196.414179434871,1678.5656717739485
0,1.0,101330.0,383.15,5.5,2.0,0.8,1.6,26.724947597499533,26.724947597499533
1,0.95,101330.0,383.15,5.5,2.0,0.8,1.6,102.17935329221794,97.07038562760704
2,0.9,101330.0,383.15,5.5,2.0,0.8,1.6,300.44780090388645,270.4030208134978
3,0.85,101330.0,383.15,5.5,2.0,0.8,1.6,659.2081704341718,560.3269448690461
4,0.8,101330.0,383.15,5.5,2.0,0.8,1.6,1169.8432412182835,935.8745929746269
5,0.75,101330.0,383.15,5.5,2.0,0.8,1.6,1811.1600027400186,1358.370002055014
6,0.7,101330.0,383.15,5.5,2.0,0.8,1.6,2561.0582211507985,1792.740754805559
7,0.65,101330.0,383.15,5.5,2.0,0.8,1.6,3398.8242705542743,2209.2357758602784
8,0.6,101330.0,383.15,5.5,2.0,0.8,1.6,4306.515716584039,2583.9094299504236
9,0.55,101330.0,383.15,5.5,2.0,0.8,1.6,5269.64892428846,2898.3069083586533
10,0.5,101330.0,383.15,5.5,2.0,0.8,1.6,6276.90119843428,3138.45059921714
11,0.45,101330.0,383.15,5.5,2.0,0.8,1.6,7319.538269939659,3293.7922214728464
12,0.4,101330.0,383.15,5.5,2.0,0.8,1.6,8390.825069539938,3356.3300278159754
0,1.0,101330.0,393.15,1.5,4.0,0.8,1.6,64.0328092318256,64.0328092318256
1,0.95,101330.0,393.15,1.5,4.0,0.8,1.6,209.04889377016383,198.59644908165563
2,0.9,101330.0,393.15,1.5,4.0,0.8,1.6,513.3697559242074,462.0327803317867
3,0.85,101330.0,393.15,1.5,4.0,0.8,1.6,987.2934026715911,839.1993922708524
4,0.8,101330.0,393.15,1.5,4.0,0.8,1.6,1612.5180157546422,1290.014412603714
5,0.75,101330.0,393.15,1.5,4.0,0.8,1.6,2366.3928076515017,1774.7946057386262
6,0.7,101330.0,393.15,1.5,4.0,0.8,1.6,3226.4307480402254,2258.5015236281574
7,0.65,101330.0,393.15,1.5,4.0,0.8,1.6,4172.2639864838,2711.97159121447
8,0.6,101330.0,393.15,1.5,4.0,0.8,1.6,5186.698146659485,3112.018887995691
9,0.55,101330.0,393.15,1.5,4.0,0.8,1.6,6256.015889961286,3440.8087394787076
10,0.5,101330.0,393.15,1.5,4.0,0.8,1.6,7369.522535664645,3684.7612678323226
11,0.45,101330.0,393.15,1.5,4.0,0.8,1.6,8518.95556960641,3833.530006322885
12,0.4,101330.0,393.15,1.5,4.0,0.8,1.6,9697.928051605602,3879.171220642241
0,1.0,101330.0,373.15,3.5,6.0,0.8,1.6,10.360523475201058,10.360523475201058
1,0.95,101330.0,373.15,3.5,6.0,0.8,1.6,44.84745988499427,42.60508689074456
2,0.9,101330.0,373.15,3.5,6.0,0.8,1.6,159.06439395295388,143.15795455765848
3,0.85,101330.0,373.15,3.5,6.0,0.8,1.6,412.71758767541644,350.80994952410396
4,0.8,101330.0,373.15,3.5,6.0,0.8,1.6,817.1851585989378,653.7481268791503
5,0.75,101330.0,373.15,3.5,6.0,0.8,1.6,1355.6153326688973,1016.711499501673
6,0.7,101330.0,373.15,3.5,6.0,0.8,1.6,2006.7816586310153,1404.7471610417106
7,0.65,101330.0,373.15,3.5,6.0,0.8,1.6,2749.88278011258,1787.423807073177
8,0.6,101330.0,373.15,3.5,6.0,0.8,1.6,3566.2419257826764,2139.745155469606
9,0.55,101330.0,373.15,3.5,6.0,0.8,1.6,4440.540927268012,2442.2975099974065
10,0.5,101330.0,373.15,3.5,6.0,0.8,1.6,5360.796885707346,2680.398442853673
11,0.45,101330.0,373.15,3.5,6.0,0.8,1.6,6317.849020842498,2843.0320593791243
12,0.4,101330.0,373.15,3.5,6.0,0.8,1.6,7304.745809749926,2921.8983238999704
0,1.0,101330.0,383.15,5.5,2.0,1.6,0.4,26.648550699474637,26.648550699474637
1,0.95,101330.0,383.15,5.5,2.0,1.6,0.4,101.81278390814715,96.72214471273979
2,0.9,101330.0,383.15,5.5,2.0,1.6,0.4,298.90753882150324,269.01678493935293
3,0.85,101330.0,383.15,5.5,2.0,1.6,0.4,654.8124174614868,556.5905548422637
4,0.8,101330.0,383.15,5.5,2.0,1.6,0.4,1160.2956210701784,928.2364968561428
5,0.75,101330.0,383.15,5.5,2.0,1.6,0.4,1793.950170359501,1345.4626277696257
6,0.7,101330.0,383.15,5.5,2.0,1.6,0.4,2533.62030579111,1773.5342140537769
7,0.65,101330.0,383.15,5.5,2.0,1.6,0.4,3358.5648543674,2183.06715533881
8,0.6,101330.0,383.15,5.5,2.0,1.6,0.4,4250.859271218506,2550.5155627311037
9,0.55,101330.0,383.15,5.5,2.0,1.6,0.4,5195.743273226501,2857.6588002745757
10,0.5,101330.0,383.15,5.5,2.0,1.6,0.4,6181.674676036264,3090.837338018132
11,0.45,101330.0,383.15,5.5,2.0,1.6,0.4,7198.947808322404,3239.526513745082
12,0.4,101330.0,383.15,5.5,2.0,1.6,0.4,8239.380486724474,3295.75219468979
0,1.0,101330.0,393.15,1.5,4.0,1.6,0.4,63.80714484306541,63.80714484306541
1,0.95,101330.0,393.15,1.5,4.0,1.6,0.4,207.99894357502205,197.59899639627093
2,0.9,101330.0,393.15,1.5,4.0,1.6,0.4,509.862198987909,458.8759790891181
3,0.85,101330.0,393.15,1.5,4.0,1.6,0.4,978.8554922992506,832.027168454363
4,0.8,101330.0,393.15,1.5,4.0,1.6,0.4,1596.3313980661153,1277.0651184528924
5,0.75,101330.0,393.15,1.5,4.0,1.6,0.4,2339.4220040240034,1754.5665030180025
6,0.7,101330.0,393.15,1.5,4.0,1.6,0.4,3185.651502605083,2229.956051823558
7,0.65,101330.0,393.15,1.5,4.0,1.6,0.4,4114.628270523916,2674.508375840546
8,0.6,101330.0,393.15,1.5,4.0,1.6,0.4,5109.117148642671,3065.4702891856027
9,0.55,101330.0,393.15,1.5,4.0,1.6,0.4,6155.115260303429,3385.3133931668863
10,0.5,101330.0,393.15,1.5,4.0,1.6,0.4,7241.32983913728,3620.66491956864
11,0.45,101330.0,393.15,1.5,4.0,1.6,0.4,8358.433491758335,3761.2950712912507
12,0.4,101330.0,393.15,1.5,4.0,1.6,0.4,9498.22204052882,3799.2888162115287
0,1.0,101330.0,373.15,3.5,6.0,1.6,0.4,10.354986741242188,10.354986741242188
1,0.95,101330.0,373.15,3.5,6.0,1.6,0.4,44.79430427791344,42.55458906401777
2,0.9,101330.0,373.15,3.5,6.0,1.6,0.4,158.58551413341044,142.7269627200694
3,0.85,101330.0,373.15,3.5,6.0,1.6,0.4,410.6513881615451,349.05367993731335
4,0.8,101330.0,373.15,3.5,6.0,1.6,0.4,811.6963896640759,649.3571117312608
5,0.75,101330.0,373.15,3.5,6.0,1.6,0.4,1344.6739080560417,1008.5054310420312
6,0.7,101330.0,373.15,3.5,6.0,1.6,0.4,1988.3243940469322,1391.8270758328524
7,0.65,101330.0,373.15,3.5,6.0,1.6,0.4,2721.869101726557,1769.2149161222621
8,0.6,101330.0,373.15,3.5,6.0,1.6,0.4,3526.8051239300253,2116.083074358015
9,0.55,101330.0,373.15,3.5,6.0,1.6,0.4,4387.9115078400255,2413.351329312014
10,0.5,101330.0,373.15,3.5,6.0,1.6,0.4,5293.201600891733,2646.6008004458663
11,0.45,101330.0,373.15,3.5,6.0,1.6,0.4,6233.372636648503,2805.0176864918267
12,0.4,101330.0,373.15,3.5,6.0,1.6,0.4,7201.1529088420375,2880.461163536815
0,1.0,202650.0,393.15,3.5,2.0,1.6,0.8,91.31178251919417,91.31178251919417
1,0.95,202650.0,393.15,3.5,2.0,1.6,0.8,275.9994591018791,262.19948614678515
2,0.9,202650.0,393.15,3.5,2.0,1.6,0.8,627.0078138977487,564.3070325079739
3,0.85,202650.0,393.15,3.5,2.0,1.6,0.8,1141.7944869011778,970.5253138660012
4,0.8,202650.0,393.15,3.5,2.0,1.6,0.8,1799.362198873407,1439.4897590987257
5,0.75,202650.0,393.15,3.5,2.0,1.6,0.8,2576.937436428164,1932.703077321123
6,0.7,202650.0,393.15,3.5,2.0,1.6,0.8,3452.6567966437487,2416.859757650624
7,0.65,202650.0,393.15,3.5,2.0,1.6,0.8,4407.282441212743,2864.733586788283
8,0.6,202650.0,393.15,3.5,2.0,1.6,0.8,5424.794498643445,3254.876699186067
9,0.55,202650.0,393.15,3.5,2.0,1.6,0.8,6492.474038001511,3570.8607209008314
10,0.5,202650.0,393.15,3.5,2.0,1.6,0.8,7600.325921936926,3800.162960968463
11,0.45,202650.0,393.15,3.5,2.0,1.6,0.8,8740.458841876482,3933.206478844417
12,0.4,202650.0,393.15,3.5,2.0,1.6,0.8,9906.504891868482,3962.601956747393
0,1.0,202650.0,373.15,5.5,4.0,1.6,0.8,15.444763658013118,15.444763658013118
1,0.95,202650.0,373.15,5.5,4.0,1.6,0.8,64.39696550194094,61.17711722684389
2,0.9,202650.0,373.15,5.5,4.0,1.6,0.8,211.10462223449554,189.99416001104598
3,0.85,202650.0,373.15,5.5,4.0,1.6,0.8,504.65361832290506,428.95557557446926
4,0.8,202650.0,373.15,5.5,4.0,1.6,0.8,944.5144661938039,755.6115729550431
5,0.75,202650.0,373.15,5.5,4.0,1.6,0.8,1511.3610708019235,1133.5208031014427
6,0.7,202650.0,373.15,5.5,4.0,1.6,0.8,2184.0042080505464,1528.8029456353825
7,0.65,202650.0,373.15,5.5,4.0,1.6,0.8,2942.203659473024,1912.4323786574655
8,0.6,202650.0,373.15,5.5,4.0,1.6,0.8,3768.4715850088073,2261.0829510052845
9,0.55,202650.0,373.15,5.5,4.0,1.6,0.8,4648.5845584809485,2556.721507164522
10,0.5,202650.0,373.15,5.5,4.0,1.6,0.8,5571.5326342655835,2785.7663171327918
11,0.45,202650.0,373.15,5.5,4.0,1.6,0.8,6528.899605767428,2938.0048225953424
12,0.4,202650.0,373.15,5.5,4.0,1.6,0.8,7514.261721971067,3005.704688788427
0,1.0,202650.0,383.15,1.5,6.0,1.6,0.8,39.288694644967684,39.288694644967684
1,0.95,202650.0,383.15,1.5,6.0,1.6,0.8,141.34160405812878,134.27452385522233
2,0.9,202650.0,383.15,1.5,6.0,1.6,0.8,381.21678571204586,343.09510714084126
3,0.85,202650.0,383.15,1.5,6.0,1.6,0.8,780.1832364942844,663.1557510201417
4,0.8,202650.0,383.15,1.5,6.0,1.6,0.8,1322.6456289823636,1058.116503185891
5,0.75,202650.0,383.15,1.5,6.0,1.6,0.8,1986.5538824140278,1489.915411810521
6,0.7,202650.0,383.15,1.5,6.0,1.6,0.8,2750.0885464212643,1925.061982494885
7,0.65,202650.0,383.15,1.5,6.0,1.6,0.8,3593.337443628519,2335.6693383585375
8,0.6,202650.0,383.15,1.5,6.0,1.6,0.8,4499.508613530966,2699.7051681185794
9,0.55,202650.0,383.15,1.5,6.0,1.6,0.8,5454.968996632751,3000.2329481480137
10,0.5,202650.0,383.15,1.5,6.0,1.6,0.8,6448.897337777149,3224.4486688885745
11,0.45,202650.0,383.15,1.5,6.0,1.6,0.8,7472.565470384031,3362.654461672814
12,0.4,202650.0,383.15,1.5,6.0,1.6,0.8,8518.604936120122,3407.441974448049
0,1.0,0.0,373.15,1.5,2.0,1.6,1.6,5.066130713170963,5.066130713170963
1,0.95,0.0,373.15,1.5,2.0,1.6,1.6,22.86823440551633,21.72482268524051
2,0.9,0.0,373.15,1.5,2.0,1.6,1.6,90.53154575157083,81.47839117641375
3,0.85,0.0,373.15,1.5,2.0,1.6,1.6,271.2433838424598,230.55687626609085
4,0.8,0.0,373.15,1.5,2.0,1.6,1.6,597.607977530078,478.0863820240624
5,0.75,0.0,373.15,1.5,2.0,1.6,1.6,1058.1530330477167,793.6147747857875
6,0.7,0.0,373.15,1.5,2.0,1.6,1.6,1630.5459139196767,1141.3821397437737
7,0.65,0.0,373.15,1.5,2.0,1.6,1.6,2292.0171214130532,1489.8111289184847
8,0.6,0.0,373.15,1.5,2.0,1.6,1.6,3020.865161536084,1812.5190969216503
9,0.55,0.0,373.15,1.5,2.0,1.6,1.6,3796.8509808783715,2088.2680394831045
10,0.5,0.0,373.15,1.5,2.0,1.6,1.6,4599.671711106715,2299.8358555533573
11,0.45,0.0,373.15,1.5,2.0,1.6,1.6,5403.622146366343,2431.6299658648545
12,0.4,0.0,373.15,1.5,2.0,1.6,1.6,6166.366883903566,2466.5467535614266
0,1.0,0.0,383.15,3.5,4.0,1.6,1.6,13.546330367186227,13.546330367186227
1,0.95,0.0,383.15,3.5,4.0,1.6,1.6,55.71336413687109,52.92769593002753
2,0.9,0.0,383.15,3.5,4.0,1.6,1.6,186.9701483608504,168.27313352476537
3,0.85,0.0,383.15,3.5,4.0,1.6,1.6,464.5585653869776,394.87478057893094
4,0.8,0.0,383.15,3.5,4.0,1.6,1.6,894.9170861784843,715.9336689427874
5,0.75,0.0,383.15,3.5,4.0,1.6,1.6,1457.913103690261,1093.4348277676959
6,0.7,0.0,383.15,3.5,4.0,1.6,1.6,2129.9477170532273,1490.963401937259
7,0.65,0.0,383.15,3.5,4.0,1.6,1.6,2887.8101422626205,1877.0765924707034
8,0.6,0.0,383.15,3.5,4.0,1.6,1.6,3709.674852525399,2225.8049115152394
9,0.55,0.0,383.15,3.5,4.0,1.6,1.6,4574.949652788118,2516.222309033465
10,0.5,0.0,383.15,3.5,4.0,1.6,1.6,5461.82330616427,2730.911653082135
11,0.45,0.0,383.15,3.5,4.0,1.6,1.6,6340.154642149134,2853.06958896711
12,0.4,0.0,383.15,3.5,4.0,1.6,1.6,7166.222505907731,2866.4890023630924
0,1.0,0.0,393.15,5.5,6.0,1.6,1.6,34.17450337624903,34.17450337624903
1,0.95,0.0,393.15,5.5,6.0,1.6,1.6,123.77825507695779,117.58934232310989
2,0.9,0.0,393.15,5.5,6.0,1.6,1.6,345.88433790136975,311.2959041112328
3,0.85,0.0,393.15,5.5,6.0,1.6,1.6,732.9593963674029,623.0154869122924
4,0.8,0.0,393.15,5.5,6.0,1.6,1.6,1272.565918788587,1018.0527350308696
5,0.75,0.0,393.15,5.5,6.0,1.6,1.6,1940.9762234357977,1455.7321675768483
6,0.7,0.0,393.15,5.5,6.0,1.6,1.6,2713.6978349991205,1899.588484499384
7,0.65,0.0,393.15,5.5,6.0,1.6,1.6,3567.0599649678143,2318.5889772290793
8,0.6,0.0,393.15,5.5,6.0,1.6,1.6,4478.7704971804405,2687.2622983082642
9,0.55,0.0,393.15,5.5,6.0,1.6,1.6,5426.748374479319,2984.7116059636255
10,0.5,0.0,393.15,5.5,6.0,1.6,1.6,6384.839711568359,3192.4198557841796
11,0.45,0.0,393.15,5.5,6.0,1.6,1.6,7311.85251006711,3290.3336295301997
12,0.4,0.0,393.15,5.5,6.0,1.6,1.6,8179.239054800811,3271.6956219203244
