,V_cell,P_b,T_cell,stoichi_anode,stoichi_cathode,W_ch,D_ch,i_ave,W
0,1.0,101330.0,373.15,1.5,2.0,0.4,0.4,10.380173171667092,10.380173171667092
1,0.95,101330.0,373.15,1.5,2.0,0.4,0.4,44.93078986452143,42.684250371295356
2,0.9,101330.0,373.15,1.5,2.0,0.4,0.4,159.31548422329277,143.38393580096349
3,0.85,101330.0,373.15,1.5,2.0,0.4,0.4,413.51944602456126,351.4915291208771
4,0.8,101330.0,373.15,1.5,2.0,0.4,0.4,819.6215377516025,655.6972302012821
5,0.75,101330.0,373.15,1.5,2.0,0.4,0.4,1361.2828927427124,1020.9621695570343
6,0.7,101330.0,373.15,1.5,2.0,0.4,0.4,2017.4443902907483,1412.2110732035237
7,0.65,101330.0,373.15,1.5,2.0,0.4,0.4,2767.0097788867356,1798.5563562763782
8,0.6,101330.0,373.15,1.5,2.0,0.4,0.4,3591.0546982501205,2154.6328189500723
9,0.55,101330.0,373.15,1.5,2.0,0.4,0.4,4473.94901088883,2460.671955988857
10,0.5,101330.0,373.15,1.5,2.0,0.4,0.4,5403.6718611129445,2701.8359305564722
11,0.45,101330.0,373.15,1.5,2.0,0.4,0.4,6370.838376520918,2866.8772694344134
12,0.4,101330.0,373.15,1.5,2.0,0.4,0.4,7368.409553046373,2947.363821218549
13,1.0,101330.0,373.15,1.5,4.0,0.4,0.4,10.41346740240227,10.41346740240227
14,0.95,101330.0,373.15,1.5,4.0,0.4,0.4,45.06182767479788,42.80873629105799
15,0.9,101330.0,373.15,1.5,4.0,0.4,0.4,159.63000577650644,143.6670051988558
16,0.85,101330.0,373.15,1.5,4.0,0.4,0.4,413.99797025086747,351.89827471323736
17,0.8,101330.0,373.15,1.5,4.0,0.4,0.4,820.3098107868786,656.247848629503
18,0.75,101330.0,373.15,1.5,4.0,0.4,0.4,1362.397885895028,1021.798414421271
19,0.7,101330.0,373.15,1.5,4.0,0.4,0.4,2019.20331010837,1413.442317075859
20,0.65,101330.0,373.15,1.5,4.0,0.4,0.4,2769.5823487288326,1800.2285266737413
21,0.6,101330.0,373.15,1.5,4.0,0.4,0.4,3594.562526932423,2156.7375161594537
22,0.55,101330.0,373.15,1.5,4.0,0.4,0.4,4478.546924946873,2463.2008087207805
23,0.5,101330.0,373.15,1.5,4.0,0.4,0.4,5409.347310496517,2704.6736552482585
24,0.45,101330.0,373.15,1.5,4.0,0.4,0.4,6377.660070651324,2869.947031793096
25,0.4,101330.0,373.15,1.5,4.0,0.4,0.4,7376.4380579449235,2950.5752231779697
26,1.0,101330.0,373.15,1.5,6.0,0.4,0.4,10.43187285417445,10.43187285417445
27,0.95,101330.0,373.15,1.5,6.0,0.4,0.4,45.13817541406171,42.88126664335863
28,0.9,101330.0,373.15,1.5,6.0,0.4,0.4,159.81018340098805,143.82916506088924
29,0.85,101330.0,373.15,1.5,6.0,0.4,0.4,414.2719114883731,352.13112476511714
30,0.8,101330.0,373.15,1.5,6.0,0.4,0.4,820.7569499913443,656.6055599930755
31,0.75,101330.0,373.15,1.5,6.0,0.4,0.4,1362.9768874211215,1022.2326655658412
32,0.7,101330.0,373.15,1.5,6.0,0.4,0.4,2020.0667310949107,1414.0467117664373
33,0.65,101330.0,373.15,1.5,6.0,0.4,0.4,2770.7851058152323,1801.0103187799011
34,0.6,101330.0,373.15,1.5,6.0,0.4,0.4,3596.141769479811,2157.6850616878864
35,0.55,101330.0,373.15,1.5,6.0,0.4,0.4,4480.529796186194,2464.291387902407
36,0.5,101330.0,373.15,1.5,6.0,0.4,0.4,5411.7555093305655,2705.8777546652827
37,0.45,101330.0,373.15,1.5,6.0,0.4,0.4,6380.51258521974,2871.230663348883
38,0.4,101330.0,373.15,1.5,6.0,0.4,0.4,7379.752426411382,2951.900970564553
39,1.0,101330.0,383.15,3.5,2.0,0.4,0.4,27.007775732029337,27.007775732029337
40,0.95,101330.0,383.15,3.5,2.0,0.4,0.4,103.172132689043,98.01352605459084
41,0.9,101330.0,383.15,3.5,2.0,0.4,0.4,303.05881264966024,272.75293138469425
42,0.85,101330.0,383.15,3.5,2.0,0.4,0.4,664.6468004415997,564.9497803753598
43,0.8,101330.0,383.15,3.5,2.0,0.4,0.4,1180.9106689025562,944.728535122045
44,0.75,101330.0,383.15,3.5,2.0,0.4,0.4,1831.1712213124333,1373.3784159843249
45,0.7,101330.0,383.15,3.5,2.0,0.4,0.4,2593.2871407655994,1815.3009985359195
46,0.65,101330.0,383.15,3.5,2.0,0.4,0.4,3446.1332886952114,2239.9866376518876
47,0.6,101330.0,383.15,3.5,2.0,0.4,0.4,4371.434029968422,2622.860417981053
48,0.55,101330.0,383.15,3.5,2.0,0.4,0.4,5354.363135070536,2944.8997242887954
49,0.5,101330.0,383.15,3.5,2.0,0.4,0.4,6383.598007907202,3191.799003953601
50,0.45,101330.0,383.15,3.5,2.0,0.4,0.4,7450.252829320605,3352.613773194272
51,0.4,101330.0,383.15,3.5,2.0,0.4,0.4,8547.63322476621,3419.053289906484
52,1.0,101330.0,383.15,3.5,4.0,0.4,0.4,27.12018063468649,27.12018063468649
53,0.95,101330.0,383.15,3.5,4.0,0.4,0.4,103.48622211690805,98.31191101106265
54,0.9,101330.0,383.15,3.5,4.0,0.4,0.4,303.5772707576139,273.21954368185254
55,0.85,101330.0,383.15,3.5,4.0,0.4,0.4,665.6355842997392,565.7902466547783
56,0.8,101330.0,383.15,3.5,4.0,0.4,0.4,1182.3792147745535,945.9033718196429
57,0.75,101330.0,383.15,3.5,4.0,0.4,0.4,1833.3648751117,1375.023656333775
58,0.7,101330.0,383.15,3.5,4.0,0.4,0.4,2596.422013125685,1817.4954091879795
59,0.65,101330.0,383.15,3.5,4.0,0.4,0.4,3450.371738873744,2242.741630267934
60,0.6,101330.0,383.15,3.5,4.0,0.4,0.4,4376.898529254523,2626.1391175527137
61,0.55,101330.0,383.15,3.5,4.0,0.4,0.4,5361.219735631105,2948.6708545971082
62,0.5,101330.0,383.15,3.5,4.0,0.4,0.4,6391.838696626486,3195.919348313243
63,0.45,101330.0,383.15,3.5,4.0,0.4,0.4,7459.903997257317,3356.956798765793
64,0.4,101330.0,383.15,3.5,4.0,0.4,0.4,8558.839547651061,3423.5358190604247
65,1.0,101330.0,383.15,3.5,6.0,0.4,0.4,27.177188382530947,27.177188382530947
66,0.95,101330.0,383.15,3.5,6.0,0.4,0.4,103.66316957287839,98.48001109423447
67,0.9,101330.0,383.15,3.5,6.0,0.4,0.4,303.92451745152965,273.53206570637667
68,0.85,101330.0,383.15,3.5,6.0,0.4,0.4,666.2023811959142,566.2720240165271
69,0.8,101330.0,383.15,3.5,6.0,0.4,0.4,1183.1516559513732,946.5213247610986
70,0.75,101330.0,383.15,3.5,6.0,0.4,0.4,1834.3862171916023,1375.7896628937017
71,0.7,101330.0,383.15,3.5,6.0,0.4,0.4,2597.8373392767485,1818.4861374937238
72,0.65,101330.0,383.15,3.5,6.0,0.4,0.4,3452.232303802282,2243.9509974714833
73,0.6,101330.0,383.15,3.5,6.0,0.4,0.4,4379.241442834192,2627.544865700515
74,0.55,101330.0,383.15,3.5,6.0,0.4,0.4,5364.07440081792,2950.2409204498563
75,0.5,101330.0,383.15,3.5,6.0,0.4,0.4,6395.230449258632,3197.615224629316
76,0.45,101330.0,383.15,3.5,6.0,0.4,0.4,7463.910707840963,3358.7598185284337
77,0.4,101330.0,383.15,3.5,6.0,0.4,0.4,8563.414123753677,3425.365649501471
78,1.0,101330.0,393.15,5.5,2.0,0.4,0.4,64.41334479397463,64.41334479397463
79,0.95,101330.0,393.15,5.5,2.0,0.4,0.4,210.26230838936692,199.74919296989856
80,0.9,101330.0,393.15,5.5,2.0,0.4,0.4,516.0280973790519,464.4252876411467
81,0.85,101330.0,393.15,5.5,2.0,0.4,0.4,993.2299350222962,844.2454447689518
82,0.8,101330.0,393.15,5.5,2.0,0.4,0.4,1624.2766072932068,1299.4212858345654
83,0.75,101330.0,393.15,5.5,2.0,0.4,0.4,2386.723862796672,1790.042897097504
84,0.7,101330.0,393.15,5.5,2.0,0.4,0.4,3257.893160300431,2280.5252122103016
85,0.65,101330.0,393.15,5.5,2.0,0.4,0.4,4217.028256117639,2741.0683664764656
86,0.6,101330.0,393.15,5.5,2.0,0.4,0.4,5246.566102075644,3147.9396612453866
87,0.55,101330.0,393.15,5.5,2.0,0.4,0.4,6332.801124128846,3483.0406182708657
88,0.5,101330.0,393.15,5.5,2.0,0.4,0.4,7464.761677338112,3732.380838669056
89,0.45,101330.0,393.15,5.5,2.0,0.4,0.4,8634.127390352052,3885.3573256584236
90,0.4,101330.0,393.15,5.5,2.0,0.4,0.4,9834.520029898353,3933.8080119593415
91,1.0,101330.0,393.15,5.5,4.0,0.4,0.4,64.74771961259763,64.74771961259763
92,0.95,101330.0,393.15,5.5,4.0,0.4,0.4,210.96801900479187,200.41961805455227
93,0.9,101330.0,393.15,5.5,4.0,0.4,0.4,517.3772539529072,465.6395285576165
94,0.85,101330.0,393.15,5.5,4.0,0.4,0.4,995.2397481790599,845.9537859522009
95,0.8,101330.0,393.15,5.5,4.0,0.4,0.4,1627.0747542004997,1301.6598033603998
96,0.75,101330.0,393.15,5.5,4.0,0.4,0.4,2390.618258338455,1792.9636937538412
97,0.7,101330.0,393.15,5.5,4.0,0.4,0.4,3263.088205183488,2284.1617436284414
98,0.65,101330.0,393.15,5.5,4.0,0.4,0.4,4223.682202204319,2745.3934314328076
99,0.6,101330.0,393.15,5.5,4.0,0.4,0.4,5254.904141057642,3152.942484634585
100,0.55,101330.0,393.15,5.5,4.0,0.4,0.4,6342.795801102393,3488.5376906063166
101,0.5,101330.0,393.15,5.5,4.0,0.4,0.4,7476.43822231998,3738.21911115999
102,0.45,101330.0,393.15,5.5,4.0,0.4,0.4,8647.68233509537,3891.457050792916
103,0.4,101330.0,393.15,5.5,4.0,0.4,0.4,9850.037941500977,3940.015176600391
104,1.0,101330.0,393.15,5.5,6.0,0.4,0.4,64.90489348451797,64.90489348451797
105,0.95,101330.0,393.15,5.5,6.0,0.4,0.4,211.3534401104117,200.7857681048911
106,0.9,101330.0,393.15,5.5,6.0,0.4,0.4,517.989350101171,466.1904150910539
107,0.85,101330.0,393.15,5.5,6.0,0.4,0.4,996.1525776682297,846.7296910179953
108,0.8,101330.0,393.15,5.5,6.0,0.4,0.4,1628.3681124704879,1302.6944899763903
109,0.75,101330.0,393.15,5.5,6.0,0.4,0.4,2392.309445958416,1794.232084468812
110,0.7,101330.0,393.15,5.5,6.0,0.4,0.4,3265.304605183004,2285.7132236281027
111,0.65,101330.0,393.15,5.5,6.0,0.4,0.4,4226.472023591665,2747.206815334582
112,0.6,101330.0,393.15,5.5,6.0,0.4,0.4,5258.3052812120195,3154.9831687272117
113,0.55,101330.0,393.15,5.5,6.0,0.4,0.4,6346.840547616881,3490.7623011892847
114,0.5,101330.0,393.15,5.5,6.0,0.4,0.4,7481.234201570454,3740.617100785227
115,0.45,101330.0,393.15,5.5,6.0,0.4,0.4,8653.157716571692,3893.9209724572615
116,0.4,101330.0,393.15,5.5,6.0,0.4,0.4,9856.228362922755,3942.4913451691023
0,1.0,202650.0,373.15,3.5,2.0,0.4,0.8,15.500404283967853,15.500404283967853
1,0.95,202650.0,373.15,3.5,2.0,0.4,0.8,64.65594943450078,61.42315196277574
2,0.9,202650.0,373.15,3.5,2.0,0.4,0.8,212.18132531296652,190.96319278166987
3,0.85,202650.0,373.15,3.5,2.0,0.4,0.8,508.13258585062437,431.9126979730307
4,0.8,202650.0,373.15,3.5,2.0,0.4,0.8,953.0692623343177,762.4554098674543
5,0.75,202650.0,373.15,3.5,2.0,0.4,0.8,1528.2056925347465,1146.15426940106
6,0.7,202650.0,373.15,3.5,2.0,0.4,0.8,2212.218181095691,1548.5527267669836
7,0.65,202650.0,373.15,3.5,2.0,0.4,0.8,2984.4454461642044,1939.889540006733
8,0.6,202650.0,373.15,3.5,2.0,0.4,0.8,3826.8116988283773,2296.0870192970265
9,0.55,202650.0,373.15,3.5,2.0,0.4,0.8,4724.689325306446,2598.579128918546
10,0.5,202650.0,373.15,3.5,2.0,0.4,0.8,5666.73198518278,2833.36599259139
11,0.45,202650.0,373.15,3.5,2.0,0.4,0.8,6644.303054761024,2989.936374642461
12,0.4,202650.0,373.15,3.5,2.0,0.4,0.8,7650.864408671249,3060.3457634685
13,1.0,202650.0,373.15,3.5,4.0,0.4,0.8,15.528356855863025,15.528356855863025
14,0.95,202650.0,373.15,3.5,4.0,0.4,0.8,64.75065996126771,61.51312696320433
15,0.9,202650.0,373.15,3.5,4.0,0.4,0.8,212.3559050310507,191.12031452794562
16,0.85,202650.0,373.15,3.5,4.0,0.4,0.8,508.35440870781093,432.1012474016393
17,0.8,202650.0,373.15,3.5,4.0,0.4,0.8,953.5106711813469,762.8085369450775
18,0.75,202650.0,373.15,3.5,4.0,0.4,0.8,1529.005108137191,1146.7538311028932
19,0.7,202650.0,373.15,3.5,4.0,0.4,0.8,2213.6392833978953,1549.5474983785266
20,0.65,202650.0,373.15,3.5,4.0,0.4,0.8,2986.668486795926,1941.334516417352
21,0.6,202650.0,373.15,3.5,4.0,0.4,0.8,3829.9676367325405,2297.980582039524
22,0.55,202650.0,373.15,3.5,4.0,0.4,0.8,4728.87512815692,2600.8813204863063
23,0.5,202650.0,373.15,3.5,4.0,0.4,0.8,5672.024278063691,2836.0121390318454
24,0.45,202650.0,373.15,3.5,4.0,0.4,0.8,6650.766224089012,2992.8448008400555
25,0.4,202650.0,373.15,3.5,4.0,0.4,0.8,7658.555628169828,3063.4222512679316
26,1.0,202650.0,373.15,3.5,6.0,0.4,0.8,15.538711250940661,15.538711250940661
27,0.95,202650.0,373.15,3.5,6.0,0.4,0.8,64.78531992646093,61.54605393013788
28,0.9,202650.0,373.15,3.5,6.0,0.4,0.8,212.40818296850526,191.16736467165472
29,0.85,202650.0,373.15,3.5,6.0,0.4,0.8,508.39891598991744,432.13907859142984
30,0.8,202650.0,373.15,3.5,6.0,0.4,0.8,953.605133362453,762.8841066899624
31,0.75,202650.0,373.15,3.5,6.0,0.4,0.8,1529.2208849069125,1146.9156636801845
32,0.7,202650.0,373.15,3.5,6.0,0.4,0.8,2214.085500139214,1549.85985009745
33,0.65,202650.0,373.15,3.5,6.0,0.4,0.8,2987.4252103156696,1941.8263867051853
34,0.6,202650.0,373.15,3.5,6.0,0.4,0.8,3831.089940753739,2298.653964452243
35,0.55,202650.0,373.15,3.5,6.0,0.4,0.8,4730.402335189266,2601.7212843540965
36,0.5,202650.0,373.15,3.5,6.0,0.4,0.8,5673.985930206879,2836.9929651034395
37,0.45,202650.0,373.15,3.5,6.0,0.4,0.8,6653.186228628356,2993.93380288276
38,0.4,202650.0,373.15,3.5,6.0,0.4,0.8,7661.454730225916,3064.5818920903666
39,1.0,202650.0,383.15,5.5,2.0,0.4,0.8,39.76175070207632,39.76175070207632
40,0.95,202650.0,383.15,5.5,2.0,0.4,0.8,143.09040963691714,135.9358891550713
41,0.9,202650.0,383.15,5.5,2.0,0.4,0.8,386.48442598727934,347.8359833885514
42,0.85,202650.0,383.15,5.5,2.0,0.4,0.8,793.1776434775762,674.2009969559398
43,0.8,202650.0,383.15,5.5,2.0,0.4,0.8,1349.3443274587455,1079.4754619669964
44,0.75,202650.0,383.15,5.5,2.0,0.4,0.8,2033.5430600406598,1525.1572950304949
45,0.7,202650.0,383.15,5.5,2.0,0.4,0.8,2823.728961582262,1976.6102731075832
46,0.65,202650.0,383.15,5.5,2.0,0.4,0.8,3699.437339262596,2404.6342705206876
47,0.6,202650.0,383.15,5.5,2.0,0.4,0.8,4643.3503207736685,2786.010192464201
48,0.55,202650.0,383.15,5.5,2.0,0.4,0.8,5641.653480051971,3102.9094140285843
49,0.5,202650.0,383.15,5.5,2.0,0.4,0.8,6683.658647269301,3341.8293236346503
50,0.45,202650.0,383.15,5.5,2.0,0.4,0.8,7761.199503477523,3492.5397765648854
51,0.4,202650.0,383.15,5.5,2.0,0.4,0.8,8868.053828736056,3547.2215314944224
52,1.0,202650.0,383.15,5.5,4.0,0.4,0.8,39.85746651190392,39.85746651190392
53,0.95,202650.0,383.15,5.5,4.0,0.4,0.8,143.34178483190814,136.17469559031272
54,0.9,202650.0,383.15,5.5,4.0,0.4,0.8,386.8932024030012,348.2038821627011
55,0.85,202650.0,383.15,5.5,4.0,0.4,0.8,793.7878844007997,674.7197017406797
56,0.8,202650.0,383.15,5.5,4.0,0.4,0.8,1350.3749799410916,1080.2999839528734
57,0.75,202650.0,383.15,5.5,4.0,0.4,0.8,2035.2392575198758,1526.4294431399069
58,0.7,202650.0,383.15,5.5,4.0,0.4,0.8,2826.327759834,1978.4294318838
59,0.65,202650.0,383.15,5.5,4.0,0.4,0.8,3703.1169571782725,2407.0260221658773
60,0.6,202650.0,383.15,5.5,4.0,0.4,0.8,4648.243994045847,2788.9463964275083
61,0.55,202650.0,383.15,5.5,4.0,0.4,0.8,5647.8660764908545,3106.3263420699705
62,0.5,202650.0,383.15,5.5,4.0,0.4,0.8,6691.276740269245,3345.6383701346226
63,0.45,202650.0,383.15,5.5,4.0,0.4,0.8,7770.299476183617,3496.6347642826277
64,0.4,202650.0,383.15,5.5,4.0,0.4,0.8,8878.706222261659,3551.4824889046636
65,1.0,202650.0,383.15,5.5,6.0,0.4,0.8,39.891907955022354,39.891907955022354
66,0.95,202650.0,383.15,5.5,6.0,0.4,0.8,143.42669416929866,136.25535946083372
67,0.9,202650.0,383.15,5.5,6.0,0.4,0.8,387.01391999349926,348.3125279941493
68,0.85,202650.0,383.15,5.5,6.0,0.4,0.8,794.0513338175252,674.9436337448964
69,0.8,202650.0,383.15,5.5,6.0,0.4,0.8,1350.6638947774081,1080.5311158219265
70,0.75,202650.0,383.15,5.5,6.0,0.4,0.8,2035.7611552820583,1526.8208664615438
71,0.7,202650.0,383.15,5.5,6.0,0.4,0.8,2827.1905902188814,1979.0334131532168
72,0.65,202650.0,383.15,5.5,6.0,0.4,0.8,3704.3981076421205,2407.8587699673785
73,0.6,202650.0,383.15,5.5,6.0,0.4,0.8,4649.998735415614,2789.999241249368
74,0.55,202650.0,383.15,5.5,6.0,0.4,0.8,5650.135152744877,3107.5743340096824
75,0.5,202650.0,383.15,5.5,6.0,0.4,0.8,6694.092989372766,3347.046494686383
76,0.45,202650.0,383.15,5.5,6.0,0.4,0.8,7773.690936477484,3498.160921414868
77,0.4,202650.0,383.15,5.5,6.0,0.4,0.8,8882.698233999985,3553.0792935999943
78,1.0,202650.0,393.15,1.5,2.0,0.4,0.8,92.30619900500236,92.30619900500236
79,0.95,202650.0,393.15,1.5,2.0,0.4,0.8,279.0888407837922,265.13439874460255
80,0.9,202650.0,393.15,1.5,2.0,0.4,0.8,634.8479731265217,571.3631758138695
81,0.85,202650.0,393.15,1.5,2.0,0.4,0.8,1158.554761837062,984.7715475615026
82,0.8,202650.0,393.15,1.5,2.0,0.4,0.8,1830.0524257216173,1464.0419405772939
83,0.75,202650.0,393.15,1.5,2.0,0.4,0.8,2626.6258174298414,1969.969363072381
84,0.7,202650.0,393.15,1.5,2.0,0.4,0.8,3525.9474660083365,2468.1632262058356
85,0.65,202650.0,393.15,1.5,2.0,0.4,0.8,4508.11917901591,2930.277466360342
86,0.6,202650.0,393.15,1.5,2.0,0.4,0.8,5556.68853817227,3334.013122903362
87,0.55,202650.0,393.15,1.5,2.0,0.4,0.8,6658.642689889518,3662.253479439235
88,0.5,202650.0,393.15,1.5,2.0,0.4,0.8,7803.909854356338,3901.954927178169
89,0.45,202650.0,393.15,1.5,2.0,0.4,0.8,8984.758799847934,4043.1414599315704
90,0.4,202650.0,393.15,1.5,2.0,0.4,0.8,10195.25824788367,4078.1032991534685
91,1.0,202650.0,393.15,1.5,4.0,0.4,0.8,92.5866270712529,92.5866270712529
92,0.95,202650.0,393.15,1.5,4.0,0.4,0.8,279.6739123405806,265.69021672355154
93,0.9,202650.0,393.15,1.5,4.0,0.4,0.8,635.7524872543842,572.1772385289457
94,0.85,202650.0,393.15,1.5,4.0,0.4,0.8,1159.9399765213566,985.948980043153
95,0.8,202650.0,393.15,1.5,4.0,0.4,0.8,1832.1560168728386,1465.724813498271
96,0.75,202650.0,393.15,1.5,4.0,0.4,0.8,2629.7380633714215,1972.303547528566
97,0.7,202650.0,393.15,1.5,4.0,0.4,0.8,3530.3006310708483,2471.210441749594
98,0.65,202650.0,393.15,1.5,4.0,0.4,0.8,4513.890967511456,2934.029128882447
99,0.6,202650.0,393.15,1.5,4.0,0.4,0.8,5564.017537227484,3338.4105223364904
100,0.55,202650.0,393.15,1.5,4.0,0.4,0.8,6667.643003967249,3667.203652181987
101,0.5,202650.0,393.15,1.5,4.0,0.4,0.8,7814.680873679384,3907.340436839692
102,0.45,202650.0,393.15,1.5,4.0,0.4,0.8,8997.391487713443,4048.8261694710495
103,0.4,202650.0,393.15,1.5,4.0,0.4,0.8,10209.839753705797,4083.935901482319
104,1.0,202650.0,393.15,1.5,6.0,0.4,0.8,92.68491363017847,92.68491363017847
105,0.95,202650.0,393.15,1.5,6.0,0.4,0.8,279.86645172876797,265.87312914232956
106,0.9,202650.0,393.15,1.5,6.0,0.4,0.8,636.0257952298971,572.4232157069074
107,0.85,202650.0,393.15,1.5,6.0,0.4,0.8,1160.3204373908013,986.272371782181
108,0.8,202650.0,393.15,1.5,6.0,0.4,0.8,1832.8182736855852,1466.2546189484683
109,0.75,202650.0,393.15,1.5,6.0,0.4,0.8,2630.780473646944,1973.0853552352078
110,0.7,202650.0,393.15,1.5,6.0,0.4,0.8,3531.787857157208,2472.251500010045
111,0.65,202650.0,393.15,1.5,6.0,0.4,0.8,4515.925427394981,2935.3515278067375
112,0.6,202650.0,393.15,1.5,6.0,0.4,0.8,5566.65493377469,3339.992960264814
113,0.55,202650.0,393.15,1.5,6.0,0.4,0.8,6670.926899597585,3669.009794778672
114,0.5,202650.0,393.15,1.5,6.0,0.4,0.8,7818.648274992475,3909.3241374962377
115,0.45,202650.0,393.15,1.5,6.0,0.4,0.8,9002.075466748369,4050.933960036766
116,0.4,202650.0,393.15,1.5,6.0,0.4,0.8,10215.271397153538,4086.108558861415
0,1.0,303980.0,373.15,5.5,2.0,0.4,1.6,20.510547787210957,20.510547787210957
1,0.95,303980.0,373.15,5.5,2.0,0.4,1.6,82.79698687712698,78.65713753327063
2,0.9,303980.0,373.15,5.5,2.0,0.4,1.6,256.2275644531193,230.6048080078074
3,0.85,303980.0,373.15,5.5,2.0,0.4,1.6,581.6195155236078,494.37658819506663
4,0.8,303980.0,373.15,5.5,2.0,0.4,1.6,1053.031043845216,842.4248350761727
5,0.75,303980.0,373.15,5.5,2.0,0.4,1.6,1650.6035620396694,1237.952671529752
6,0.7,303980.0,373.15,5.5,2.0,0.4,1.6,2352.960562475398,1647.0723937327787
7,0.65,303980.0,373.15,5.5,2.0,0.4,1.6,3139.853744953157,2040.904934219552
8,0.6,303980.0,373.15,5.5,2.0,0.4,1.6,3993.8606127455055,2396.316367647303
9,0.55,303980.0,373.15,5.5,2.0,0.4,1.6,4901.018577731509,2695.56021775233
10,0.5,303980.0,373.15,5.5,2.0,0.4,1.6,5850.5457727467165,2925.2728863733582
11,0.45,303980.0,373.15,5.5,2.0,0.4,1.6,6834.247069444663,3075.4111812500983
12,0.4,303980.0,373.15,5.5,2.0,0.4,1.6,7845.9176989959315,3138.3670795983726
13,1.0,303980.0,373.15,5.5,4.0,0.4,1.6,20.531577781166437,20.531577781166437
14,0.95,303980.0,373.15,5.5,4.0,0.4,1.6,82.85947048357495,78.7164969593962
15,0.9,303980.0,373.15,5.5,4.0,0.4,1.6,256.325455355332,230.6929098197988
16,0.85,303980.0,373.15,5.5,4.0,0.4,1.6,581.7665524833138,494.5015696108167
17,0.8,303980.0,373.15,5.5,4.0,0.4,1.6,1053.3936485131583,842.7149188105267
18,0.75,303980.0,373.15,5.5,4.0,0.4,1.6,1651.4411030978677,1238.5808273234006
19,0.7,303980.0,373.15,5.5,4.0,0.4,1.6,2354.513741395264,1648.1596189766847
20,0.65,303980.0,373.15,5.5,4.0,0.4,1.6,3142.3125761102187,2042.5031744716423
21,0.6,303980.0,373.15,5.5,4.0,0.4,1.6,3997.3683402364904,2398.421004141894
22,0.55,303980.0,373.15,5.5,4.0,0.4,1.6,4905.685648878839,2698.1271068833616
23,0.5,303980.0,373.15,5.5,4.0,0.4,1.6,5856.461473830522,2928.230736915261
24,0.45,303980.0,373.15,5.5,4.0,0.4,1.6,6841.487411895158,3078.6693353528212
25,0.4,303980.0,373.15,5.5,4.0,0.4,1.6,7854.5506048272155,3141.8202419308864
26,1.0,303980.0,373.15,5.5,6.0,0.4,1.6,20.538958591159975,20.538958591159975
27,0.95,303980.0,373.15,5.5,6.0,0.4,1.6,82.87809949163338,78.7341945170517
28,0.9,303980.0,373.15,5.5,6.0,0.4,1.6,256.33321267093777,230.699891403844
29,0.85,303980.0,373.15,5.5,6.0,0.4,1.6,581.7553568407246,494.49205331461593
30,0.8,303980.0,373.15,5.5,6.0,0.4,1.6,1053.44059068777,842.7524725502161
31,0.75,303980.0,373.15,5.5,6.0,0.4,1.6,1651.670650838183,1238.7529881286373
32,0.7,303980.0,373.15,5.5,6.0,0.4,1.6,2355.036707534576,1648.5256952742031
33,0.65,303980.0,373.15,5.5,6.0,0.4,1.6,3143.2160620474133,2043.0904403308186
34,0.6,303980.0,373.15,5.5,6.0,0.4,1.6,3998.7157936736835,2399.22947620421
35,0.55,303980.0,373.15,5.5,6.0,0.4,1.6,4907.524425379465,2699.138433958706
36,0.5,303980.0,373.15,5.5,6.0,0.4,1.6,5858.828563190687,2929.4142815953437
37,0.45,303980.0,373.15,5.5,6.0,0.4,1.6,6844.413559433824,3079.986101745221
38,0.4,303980.0,373.15,5.5,6.0,0.4,1.6,7858.062731533595,3143.2250926134384
39,1.0,303980.0,383.15,1.5,2.0,0.4,1.6,51.923370575922796,51.923370575922796
40,0.95,303980.0,383.15,1.5,2.0,0.4,1.6,177.99370732960037,169.09402196312035
41,0.9,303980.0,383.15,1.5,2.0,0.4,1.6,453.3942604655413,408.0548344189872
42,0.85,303980.0,383.15,1.5,2.0,0.4,1.6,891.1031741883736,757.4376980601176
43,0.8,303980.0,383.15,1.5,2.0,0.4,1.6,1474.2594509460573,1179.407560756846
44,0.75,303980.0,383.15,1.5,2.0,0.4,1.6,2181.0224836552693,1635.7668627414519
45,0.7,303980.0,383.15,1.5,2.0,0.4,1.6,2989.5376598446987,2092.676361891289
46,0.65,303980.0,383.15,1.5,2.0,0.4,1.6,3879.907907611016,2521.9401399471603
47,0.6,303980.0,383.15,1.5,2.0,0.4,1.6,4835.523884825243,2901.3143308951458
48,0.55,303980.0,383.15,1.5,2.0,0.4,1.6,5843.232310766819,3213.7777709217507
49,0.5,303980.0,383.15,1.5,2.0,0.4,1.6,6892.887783643776,3446.443891821888
50,0.45,303980.0,383.15,1.5,2.0,0.4,1.6,7976.74502083835,3589.5352593772573
51,0.4,303980.0,383.15,1.5,2.0,0.4,1.6,9088.899699322383,3635.559879728953
52,1.0,303980.0,383.15,1.5,4.0,0.4,1.6,51.993662643626614,51.993662643626614
53,0.95,303980.0,383.15,1.5,4.0,0.4,1.6,178.1572971480457,169.2494322906434
54,0.9,303980.0,383.15,1.5,4.0,0.4,1.6,453.65396257408173,408.28856631667355
55,0.85,303980.0,383.15,1.5,4.0,0.4,1.6,891.5661329435331,757.8312130020032
56,0.8,303980.0,383.15,1.5,4.0,0.4,1.6,1475.183299607898,1180.1466396863186
57,0.75,303980.0,383.15,1.5,4.0,0.4,1.6,2182.6983655310923,1637.0237741483193
58,0.7,303980.0,383.15,1.5,4.0,0.4,1.6,2992.2163879838613,2094.551471588703
59,0.65,303980.0,383.15,1.5,4.0,0.4,1.6,3883.784974782782,2524.4602336088083
60,0.6,303980.0,383.15,1.5,4.0,0.4,1.6,4840.751021740925,2904.450613044555
61,0.55,303980.0,383.15,1.5,4.0,0.4,1.6,5849.93148774652,3217.4623182605865
62,0.5,303980.0,383.15,1.5,4.0,0.4,1.6,6901.161780699102,3450.580890349551
63,0.45,303980.0,383.15,1.5,4.0,0.4,1.6,7986.6847078126575,3594.008118515696
64,0.4,303980.0,383.15,1.5,4.0,0.4,1.6,9100.588859169018,3640.2355436676075
65,1.0,303980.0,383.15,1.5,6.0,0.4,1.6,52.017250368534064,52.017250368534064
66,0.95,303980.0,383.15,1.5,6.0,0.4,1.6,178.20121003989738,169.2911495379025
67,0.9,303980.0,383.15,1.5,6.0,0.4,1.6,453.6933541685881,408.3240187517293
68,0.85,303980.0,383.15,1.5,6.0,0.4,1.6,891.646557405102,757.8995737943367
69,0.8,303980.0,383.15,1.5,6.0,0.4,1.6,1475.4266161887624,1180.34129295101
70,0.75,303980.0,383.15,1.5,6.0,0.4,1.6,2183.23841184305,1637.4288088822875
71,0.7,303980.0,383.15,1.5,6.0,0.4,1.6,2993.1697408847203,2095.2188186193043
72,0.65,303980.0,383.15,1.5,6.0,0.4,1.6,3885.239630093145,2525.4057595605445
73,0.6,303980.0,383.15,1.5,6.0,0.4,1.6,4842.772720710888,2905.663632426533
74,0.55,303980.0,383.15,1.5,6.0,0.4,1.6,5852.5724163790965,3218.914829008503
75,0.5,303980.0,383.15,1.5,6.0,0.4,1.6,6904.4639931215825,3452.2319965607912
76,0.45,303980.0,383.15,1.5,6.0,0.4,1.6,7990.684459279889,3595.80800667595
77,0.4,303980.0,383.15,1.5,6.0,0.4,1.6,9105.319118714831,3642.127647485933
78,1.0,303980.0,393.15,3.5,2.0,0.4,1.6,117.8944440041819,117.8944440041819
79,0.95,303980.0,393.15,3.5,2.0,0.4,1.6,336.6254417661474,319.79416967784
80,0.9,303980.0,393.15,3.5,2.0,0.4,1.6,727.6662936248442,654.8996642623598
81,0.85,303980.0,393.15,3.5,2.0,0.4,1.6,1283.2318123259165,1090.747040477029
82,0.8,303980.0,393.15,3.5,2.0,0.4,1.6,1981.9823036384726,1585.5858429107782
83,0.75,303980.0,393.15,3.5,2.0,0.4,1.6,2801.13345796647,2100.8500934748527
84,0.7,303980.0,393.15,3.5,2.0,0.4,1.6,3718.748751541967,2603.1241260793768
85,0.65,303980.0,393.15,3.5,2.0,0.4,1.6,4715.613267425786,3065.148623826761
86,0.6,303980.0,393.15,3.5,2.0,0.4,1.6,5776.007860435504,3465.604716261302
87,0.55,303980.0,393.15,3.5,2.0,0.4,1.6,6887.566415211779,3788.1615283664787
88,0.5,303980.0,393.15,3.5,2.0,0.4,1.6,8040.738964140809,4020.3694820704045
89,0.45,303980.0,393.15,3.5,2.0,0.4,1.6,9228.197653792777,4152.6889442067495
90,0.4,303980.0,393.15,3.5,2.0,0.4,1.6,10444.31890830309,4177.727563321237
91,1.0,303980.0,393.15,3.5,4.0,0.4,1.6,118.09376089729558,118.09376089729558
92,0.95,303980.0,393.15,3.5,4.0,0.4,1.6,337.00985049124523,320.15935796668293
93,0.9,303980.0,393.15,3.5,4.0,0.4,1.6,728.291976977394,655.4627792796547
94,0.85,303980.0,393.15,3.5,4.0,0.4,1.6,1284.3158639828869,1091.668484385454
95,0.8,303980.0,393.15,3.5,4.0,0.4,1.6,1983.8440532840482,1587.0752426272386
96,0.75,303980.0,393.15,3.5,4.0,0.4,1.6,2804.0855567217827,2103.064167541337
97,0.7,303980.0,393.15,3.5,4.0,0.4,1.6,3723.048269044165,2606.133788330915
98,0.65,303980.0,393.15,3.5,4.0,0.4,1.6,4721.463239607981,3068.951105745188
99,0.6,303980.0,393.15,3.5,4.0,0.4,1.6,5783.571459092935,3470.1428754557605
100,0.55,303980.0,393.15,3.5,4.0,0.4,1.6,6896.980204308277,3793.339112369553
101,0.5,303980.0,393.15,3.5,4.0,0.4,1.6,8052.122594790429,4026.0612973952143
102,0.45,303980.0,393.15,3.5,4.0,0.4,1.6,9241.660521603742,4158.747234721684
103,0.4,303980.0,393.15,3.5,4.0,0.4,1.6,10459.96471851444,4183.985887405776
104,1.0,303980.0,393.15,3.5,6.0,0.4,1.6,118.1576568242336,118.1576568242336
105,0.95,303980.0,393.15,3.5,6.0,0.4,1.6,337.1099413441654,320.25444427695714
106,0.9,303980.0,393.15,3.5,6.0,0.4,1.6,728.4345951815169,655.5911356633652
107,0.85,303980.0,393.15,3.5,6.0,0.4,1.6,1284.603769469516,1091.9132040490886
108,0.8,303980.0,393.15,3.5,6.0,0.4,1.6,1984.4222455034069,1587.5377964027257
109,0.75,303980.0,393.15,3.5,6.0,0.4,1.6,2805.100781990473,2103.8255864928547
110,0.7,303980.0,393.15,3.5,6.0,0.4,1.6,3724.6181211805765,2607.2326848264033
111,0.65,303980.0,393.15,3.5,6.0,0.4,1.6,4723.677871052475,3070.3906161841087
112,0.6,303980.0,393.15,3.5,6.0,0.4,1.6,5786.501015230883,3471.90060913853
113,0.55,303980.0,393.15,3.5,6.0,0.4,1.6,6900.681544786246,3795.3748496324356
114,0.5,303980.0,393.15,3.5,6.0,0.4,1.6,8056.644290063961,4028.3221450319807
115,0.45,303980.0,393.15,3.5,6.0,0.4,1.6,9247.046250079049,4161.170812535573
116,0.4,303980.0,393.15,3.5,6.0,0.4,1.6,10466.254829541165,4186.501931816466
0,1.0,303980.0,373.15,5.5,2.0,0.8,0.4,20.50269387439329,20.50269387439329
1,0.95,303980.0,373.15,5.5,2.0,0.8,0.4,82.7654643857374,78.62719116645053
2,0.9,303980.0,373.15,5.5,2.0,0.8,0.4,255.90750083428074,230.31675075085266
3,0.85,303980.0,373.15,5.5,2.0,0.8,0.4,581.0297415620881,493.8752803277749
4,0.8,303980.0,373.15,5.5,2.0,0.8,0.4,1051.3930156979568,841.1144125583655
5,0.75,303980.0,373.15,5.5,2.0,0.8,0.4,1648.0449618273647,1236.0337213705234
6,0.7,303980.0,373.15,5.5,2.0,0.8,0.4,2349.3960170285645,1644.577211919995
7,0.65,303980.0,373.15,5.5,2.0,0.8,0.4,3135.224808027616,2037.8961252179504
8,0.6,303980.0,373.15,5.5,2.0,0.8,0.4,3988.1730422111855,2392.9038253267113
9,0.55,303980.0,373.15,5.5,2.0,0.8,0.4,4894.246640139296,2691.835652076613
10,0.5,303980.0,373.15,5.5,2.0,0.8,0.4,5842.946703433036,2921.473351716518
11,0.45,303980.0,373.15,5.5,2.0,0.8,0.4,6826.015502282085,3071.7069760269387
12,0.4,303980.0,373.15,5.5,2.0,0.8,0.4,7837.304463206283,3134.921785282513
13,1.0,303980.0,373.15,5.5,4.0,0.8,0.4,20.542100041161728,20.542100041161728
14,0.95,303980.0,373.15,5.5,4.0,0.8,0.4,82.9062959946515,78.76098119491893
15,0.9,303980.0,373.15,5.5,4.0,0.8,0.4,256.0863934721585,230.47775412494263
16,0.85,303980.0,373.15,5.5,4.0,0.8,0.4,580.9068218193917,493.7707985464829
17,0.8,303980.0,373.15,5.5,4.0,0.8,0.4,1051.695202848702,841.3561622789616
18,0.75,303980.0,373.15,5.5,4.0,0.8,0.4,1648.7398648634996,1236.5548986476247
19,0.7,303980.0,373.15,5.5,4.0,0.8,0.4,2350.715145751538,1645.5006020260764
20,0.65,303980.0,373.15,5.5,4.0,0.8,0.4,3137.3325420624,2039.2661523405602
21,0.6,303980.0,373.15,5.5,4.0,0.8,0.4,3991.1794012071045,2394.7076407242625
22,0.55,303980.0,373.15,5.5,4.0,0.8,0.4,4898.334013149999,2694.0837072325
23,0.5,303980.0,373.15,5.5,4.0,0.8,0.4,5848.071617619005,2924.0358088095027
24,0.45,303980.0,373.15,5.5,4.0,0.8,0.4,6832.244374852201,3074.5099686834906
25,0.4,303980.0,373.15,5.5,4.0,0.8,0.4,7844.69032415848,3137.876129663392
26,1.0,303980.0,373.15,5.5,6.0,0.8,0.4,20.56163868486433,20.56163868486433
27,0.95,303980.0,373.15,5.5,6.0,0.8,0.4,82.95094146450332,78.80339439127815
28,0.9,303980.0,373.15,5.5,6.0,0.8,0.4,256.1680964055127,230.55128676496145
29,0.85,303980.0,373.15,5.5,6.0,0.8,0.4,580.9811333452435,493.83396334345696
30,0.8,303980.0,373.15,5.5,6.0,0.8,0.4,1051.8086624516939,841.4469299613552
31,0.75,303980.0,373.15,5.5,6.0,0.8,0.4,1648.9564813352451,1236.7173610014338
32,0.7,303980.0,373.15,5.5,6.0,0.8,0.4,2351.0321319415857,1645.72249235911
33,0.65,303980.0,373.15,5.5,6.0,0.8,0.4,3138.1398280152393,2039.7908882099057
34,0.6,303980.0,373.15,5.5,6.0,0.8,0.4,3992.333266687054,2395.3999600122324
35,0.55,303980.0,373.15,5.5,6.0,0.8,0.4,4899.862231075223,2694.924227091373
36,0.5,303980.0,373.15,5.5,6.0,0.8,0.4,5849.981360575566,2924.990680287783
37,0.45,303980.0,373.15,5.5,6.0,0.8,0.4,6834.530157553109,3075.5385708988993
38,0.4,303980.0,373.15,5.5,6.0,0.8,0.4,7847.349564790527,3138.9398259162112
39,1.0,303980.0,383.15,1.5,2.0,0.8,0.4,51.8868839616915,51.8868839616915
40,0.95,303980.0,383.15,1.5,2.0,0.8,0.4,177.78628065489755,168.89696662215266
41,0.9,303980.0,383.15,1.5,2.0,0.8,0.4,452.683149778078,407.4148348002702
42,0.85,303980.0,383.15,1.5,2.0,0.8,0.4,889.5983196188035,756.158571675983
43,0.8,303980.0,383.15,1.5,2.0,0.8,0.4,1471.7229020377538,1177.3783216302031
44,0.75,303980.0,383.15,1.5,2.0,0.8,0.4,2177.316983387482,1632.9877375406118
45,0.7,303980.0,383.15,1.5,2.0,0.8,0.4,2984.545432552088,2089.1818027864615
46,0.65,303980.0,383.15,1.5,2.0,0.8,0.4,3873.578951633096,2517.8263185615124
47,0.6,303980.0,383.15,1.5,2.0,0.8,0.4,4827.883307887843,2896.729984732706
48,0.55,303980.0,383.15,1.5,2.0,0.8,0.4,5834.379904742156,3208.9089476081863
49,0.5,303980.0,383.15,1.5,2.0,0.8,0.4,6882.99286293078,3441.49643146539
50,0.45,303980.0,383.15,1.5,2.0,0.8,0.4,7966.0398242801775,3584.71792092608
51,0.4,303980.0,383.15,1.5,2.0,0.8,0.4,9077.672955573493,3631.0691822293975
52,1.0,303980.0,383.15,1.5,4.0,0.8,0.4,52.01425239050449,52.01425239050449
53,0.95,303980.0,383.15,1.5,4.0,0.8,0.4,178.08063184974736,169.17660025726
54,0.9,303980.0,383.15,1.5,4.0,0.8,0.4,453.0954280338359,407.7858852304523
55,0.85,303980.0,383.15,1.5,4.0,0.8,0.4,890.1468174105448,756.6247947989631
56,0.8,303980.0,383.15,1.5,4.0,0.8,0.4,1472.6622452609522,1178.1297962087617
57,0.75,303980.0,383.15,1.5,4.0,0.8,0.4,2178.9287817861555,1634.1965863396167
58,0.7,303980.0,383.15,1.5,4.0,0.8,0.4,2987.0542073419892,2090.9379451393925
59,0.65,303980.0,383.15,1.5,4.0,0.8,0.4,3877.1415470834063,2520.1420056042143
60,0.6,303980.0,383.15,1.5,4.0,0.8,0.4,4832.611233901024,2899.5667403406146
61,0.55,303980.0,383.15,1.5,4.0,0.8,0.4,5840.3674476233655,3212.202096192851
62,0.5,303980.0,383.15,1.5,4.0,0.8,0.4,6890.326235109953,3445.1631175549765
63,0.45,303980.0,383.15,1.5,4.0,0.8,0.4,7974.790486426128,3588.6557188917577
64,0.4,303980.0,383.15,1.5,4.0,0.8,0.4,9087.903017523628,3635.161207009451
65,1.0,303980.0,383.15,1.5,6.0,0.8,0.4,52.07458898297585,52.07458898297585
66,0.95,303980.0,383.15,1.5,6.0,0.8,0.4,178.2431666406783,169.33100830864439
67,0.9,303980.0,383.15,1.5,6.0,0.8,0.4,453.27238796729506,407.94514917056557
68,0.85,303980.0,383.15,1.5,6.0,0.8,0.4,890.3697592342314,756.8142953490967
69,0.8,303980.0,383.15,1.5,6.0,0.8,0.4,1473.024992464809,1178.4199939718471
70,0.75,303980.0,383.15,1.5,6.0,0.8,0.4,2179.5320809689015,1634.649060726676
71,0.7,303980.0,383.15,1.5,6.0,0.8,0.4,2987.9080521299397,2091.5356364909576
72,0.65,303980.0,383.15,1.5,6.0,0.8,0.4,3878.515378534001,2521.034996047101
73,0.6,303980.0,383.15,1.5,6.0,0.8,0.4,4834.430621596971,2900.6583729581826
74,0.55,303980.0,383.15,1.5,6.0,0.8,0.4,5842.656290010711,3213.4609595058914
75,0.5,303980.0,383.15,1.5,6.0,0.8,0.4,6893.0897299100525,3446.5448649550262
76,0.45,303980.0,383.15,1.5,6.0,0.8,0.4,7978.018672421249,3590.108402589562
77,0.4,303980.0,383.15,1.5,6.0,0.8,0.4,9091.616732044033,3636.6466928176133
78,1.0,303980.0,393.15,3.5,2.0,0.8,0.4,117.75882529052477,117.75882529052477
79,0.95,303980.0,393.15,3.5,2.0,0.8,0.4,336.08171599071903,319.27763019118305
80,0.9,303980.0,393.15,3.5,2.0,0.8,0.4,726.3328230155325,653.6995407139793
81,0.85,303980.0,393.15,3.5,2.0,0.8,0.4,1280.7807406009126,1088.6636295107758
82,0.8,303980.0,393.15,3.5,2.0,0.8,0.4,1978.2175323856422,1582.574025908514
83,0.75,303980.0,393.15,3.5,2.0,0.8,0.4,2795.868778555487,2096.9015839166154
84,0.7,303980.0,393.15,3.5,2.0,0.8,0.4,3711.870570673096,2598.309399471167
85,0.65,303980.0,393.15,3.5,2.0,0.8,0.4,4707.089442820269,3059.608137833175
86,0.6,303980.0,393.15,3.5,2.0,0.8,0.4,5765.891721574491,3459.5350329446946
87,0.55,303980.0,393.15,3.5,2.0,0.8,0.4,6875.993496204347,3781.7964229123913
88,0.5,303980.0,393.15,3.5,2.0,0.8,0.4,8027.920594890518,4013.960297445259
89,0.45,303980.0,393.15,3.5,2.0,0.8,0.4,9214.414209542349,4146.486394294057
90,0.4,303980.0,393.15,3.5,2.0,0.8,0.4,10429.913981684496,4171.965592673799
91,1.0,303980.0,393.15,3.5,4.0,0.8,0.4,118.10848142209419,118.10848142209419
92,0.95,303980.0,393.15,3.5,4.0,0.8,0.4,336.7147547360737,319.87901699927
93,0.9,303980.0,393.15,3.5,4.0,0.8,0.4,727.2266012205616,654.5039410985055
94,0.85,303980.0,393.15,3.5,4.0,0.8,0.4,1282.0900553096783,1089.7765470132265
95,0.8,303980.0,393.15,3.5,4.0,0.8,0.4,1980.225843625316,1584.1806749002528
96,0.75,303980.0,393.15,3.5,4.0,0.8,0.4,2798.8459453443975,2099.134459008298
97,0.7,303980.0,393.15,3.5,4.0,0.8,0.4,3716.0583158118266,2601.2408210682784
98,0.65,303980.0,393.15,3.5,4.0,0.8,0.4,4712.676539304378,3063.2397505478457
99,0.6,303980.0,393.15,3.5,4.0,0.8,0.4,5773.010522765881,3463.8063136595288
100,0.55,303980.0,393.15,3.5,4.0,0.8,0.4,6884.738206425696,3786.606013534133
101,0.5,303980.0,393.15,3.5,4.0,0.8,0.4,8038.373584191418,4019.186792095709
102,0.45,303980.0,393.15,3.5,4.0,0.8,0.4,9226.653434829132,4151.994045673109
103,0.4,303980.0,393.15,3.5,4.0,0.8,0.4,10444.016520569097,4177.606608227639
104,1.0,303980.0,393.15,3.5,6.0,0.8,0.4,118.26821658239258,118.26821658239258
105,0.95,303980.0,393.15,3.5,6.0,0.8,0.4,337.01234058332005,320.16172355415404
106,0.9,303980.0,393.15,3.5,6.0,0.8,0.4,727.6032646129892,654.8429381516903
107,0.85,303980.0,393.15,3.5,6.0,0.8,0.4,1282.5732177834989,1090.187235115974
108,0.8,303980.0,393.15,3.5,6.0,0.8,0.4,1981.0786267718074,1584.862901417446
109,0.75,303980.0,393.15,3.5,6.0,0.8,0.4,2800.1224967321464,2100.0918725491097
110,0.7,303980.0,393.15,3.5,6.0,0.8,0.4,3717.817434015244,2602.4722038106706
111,0.65,303980.0,393.15,3.5,6.0,0.8,0.4,4714.931938085307,3064.7057597554494
112,0.6,303980.0,393.15,3.5,6.0,0.8,0.4,5775.747856981471,3465.4487141888826
113,0.55,303980.0,393.15,3.5,6.0,0.8,0.4,6887.962168895181,3788.3791928923497
114,0.5,303980.0,393.15,3.5,6.0,0.8,0.4,8042.320057249616,4021.160028624808
115,0.45,303980.0,393.15,3.5,6.0,0.8,0.4,9231.220355380781,4154.049159921352
116,0.4,303980.0,393.15,3.5,6.0,0.8,0.4,10449.22759351311,4179.691037405244
0,1.0,101330.0,373.15,1.5,2.0,0.8,0.8,10.379076053356156,10.379076053356156
1,0.95,101330.0,373.15,1.5,2.0,0.8,0.8,44.917513381086735,42.6716377120324
2,0.9,101330.0,373.15,1.5,2.0,0.8,0.8,159.23985490511814,143.31586941460634
3,0.85,101330.0,373.15,1.5,2.0,0.8,0.8,413.07378131143076,351.11271411471614
4,0.8,101330.0,373.15,1.5,2.0,0.8,0.8,818.0261941544774,654.4209553235819
5,0.75,101330.0,373.15,1.5,2.0,0.8,0.8,1357.5460146668277,1018.1595110001208
6,0.7,101330.0,373.15,1.5,2.0,0.8,0.8,2010.421835254183,1407.295284677928
7,0.65,101330.0,373.15,1.5,2.0,0.8,0.8,2755.8061465633186,1791.2739952661573
8,0.6,101330.0,373.15,1.5,2.0,0.8,0.8,3574.92604553069,2144.955627318414
9,0.55,101330.0,373.15,1.5,2.0,0.8,0.8,4452.394409766019,2448.8169253713104
10,0.5,101330.0,373.15,1.5,2.0,0.8,0.8,5376.182711817284,2688.091355908642
11,0.45,101330.0,373.15,1.5,2.0,0.8,0.8,6337.103817755801,2851.6967179901108
12,0.4,101330.0,373.15,1.5,2.0,0.8,0.8,7328.193959351507,2931.277583740603
13,1.0,101330.0,373.15,1.5,4.0,0.8,0.8,10.397995795677728,10.397995795677728
14,0.95,101330.0,373.15,1.5,4.0,0.8,0.8,44.98973581725472,42.74024902639198
15,0.9,101330.0,373.15,1.5,4.0,0.8,0.8,159.41640396484968,143.47476356836472
16,0.85,101330.0,373.15,1.5,4.0,0.8,0.8,413.36426907747517,351.3596287158539
17,0.8,101330.0,373.15,1.5,4.0,0.8,0.8,818.5675247566061,654.8540198052849
18,0.75,101330.0,373.15,1.5,4.0,0.8,0.8,1358.4730158622322,1018.8547618966741
19,0.7,101330.0,373.15,1.5,4.0,0.8,0.8,2012.0218954229208,1408.4153267960444
20,0.65,101330.0,373.15,1.5,4.0,0.8,0.8,2758.2213097118224,1792.8438513126846
21,0.6,101330.0,373.15,1.5,4.0,0.8,0.8,3578.34849963706,2147.009099782236
22,0.55,101330.0,373.15,1.5,4.0,0.8,0.8,4456.955632584364,2451.3255979214005
23,0.5,101330.0,373.15,1.5,4.0,0.8,0.8,5381.998075378897,2690.9990376894484
24,0.45,101330.0,373.15,1.5,4.0,0.8,0.8,6344.279914421614,2854.9259614897264
25,0.4,101330.0,373.15,1.5,4.0,0.8,0.8,7336.834479011542,2934.7337916046167
26,1.0,101330.0,373.15,1.5,6.0,0.8,0.8,10.405021098169154,10.405021098169154
27,0.95,101330.0,373.15,1.5,6.0,0.8,0.8,45.01621159584961,42.765401016057126
28,0.9,101330.0,373.15,1.5,6.0,0.8,0.8,159.47637520449993,143.52873768404993
29,0.85,101330.0,373.15,1.5,6.0,0.8,0.8,413.4522984316426,351.4344536668962
30,0.8,101330.0,373.15,1.5,6.0,0.8,0.8,818.7172948303414,654.9738358642732
31,0.75,101330.0,373.15,1.5,6.0,0.8,0.8,1358.7797190507472,1019.0847892880604
32,0.7,101330.0,373.15,1.5,6.0,0.8,0.8,2012.5904959687903,1408.8133471781532
33,0.65,101330.0,373.15,1.5,6.0,0.8,0.8,2759.1202724619043,1793.428177100238
34,0.6,101330.0,373.15,1.5,6.0,0.8,0.8,3579.667615277429,2147.800569166457
35,0.55,101330.0,373.15,1.5,6.0,0.8,0.8,4458.752161403883,2452.313688772136
36,0.5,101330.0,373.15,1.5,6.0,0.8,0.8,5384.319174487808,2692.159587243904
37,0.45,101330.0,373.15,1.5,6.0,0.8,0.8,6347.16899042616,2856.226045691772
38,0.4,101330.0,373.15,1.5,6.0,0.8,0.8,7340.33297343528,2936.133189374112
39,1.0,101330.0,383.15,3.5,2.0,0.8,0.8,27.00899321772525,27.00899321772525
40,0.95,101330.0,383.15,3.5,2.0,0.8,0.8,103.1219403254657,97.96584330919241
41,0.9,101330.0,383.15,3.5,2.0,0.8,0.8,302.66659213093016,272.39993291783713
42,0.85,101330.0,383.15,3.5,2.0,0.8,0.8,663.5535292396124,564.0204998536706
43,0.8,101330.0,383.15,3.5,2.0,0.8,0.8,1177.9022075838013,942.3217660670412
44,0.75,101330.0,383.15,3.5,2.0,0.8,0.8,1824.9291389224443,1368.6968541918332
45,0.7,101330.0,383.15,3.5,2.0,0.8,0.8,2582.5671924934168,1807.7970347453916
46,0.65,101330.0,383.15,3.5,2.0,0.8,0.8,3429.9460426149685,2229.4649276997297
47,0.6,101330.0,383.15,3.5,2.0,0.8,0.8,4348.95608401138,2609.373650406828
48,0.55,101330.0,383.15,3.5,2.0,0.8,0.8,5325.0212247238305,2928.761673598107
49,0.5,101330.0,383.15,3.5,2.0,0.8,0.8,6346.796269607574,3173.398134803787
50,0.45,101330.0,383.15,3.5,2.0,0.8,0.8,7405.593460467274,3332.5170572102734
51,0.4,101330.0,383.15,3.5,2.0,0.8,0.8,8494.786458645553,3397.9145834582214
52,1.0,101330.0,383.15,3.5,4.0,0.8,0.8,27.07636971242388,27.07636971242388
53,0.95,101330.0,383.15,3.5,4.0,0.8,0.8,103.33481880443534,98.16807786421357
54,0.9,101330.0,383.15,3.5,4.0,0.8,0.8,303.0846889795741,272.77622008161666
55,0.85,101330.0,383.15,3.5,4.0,0.8,0.8,664.2656109681328,564.6257693229129
56,0.8,101330.0,383.15,3.5,4.0,0.8,0.8,1179.036374985355,943.229099988284
57,0.75,101330.0,383.15,3.5,4.0,0.8,0.8,1826.7582696510149,1370.0687022382613
58,0.7,101330.0,383.15,3.5,4.0,0.8,0.8,2585.36507287196,1809.7555510103718
59,0.65,101330.0,383.15,3.5,4.0,0.8,0.8,3433.867357757597,2232.013782542438
60,0.6,101330.0,383.15,3.5,4.0,0.8,0.8,4354.208351698502,2612.5250110191014
61,0.55,101330.0,383.15,3.5,4.0,0.8,0.8,5331.755598556939,2932.4655792063168
62,0.5,101330.0,383.15,3.5,4.0,0.8,0.8,6355.152208363391,3177.5761041816954
63,0.45,101330.0,383.15,3.5,4.0,0.8,0.8,7415.705978109929,3337.067690149468
64,0.4,101330.0,383.15,3.5,4.0,0.8,0.8,8506.791818451762,3402.716727380705
65,1.0,101330.0,383.15,3.5,6.0,0.8,0.8,27.100624144348707,27.100624144348707
66,0.95,101330.0,383.15,3.5,6.0,0.8,0.8,103.41174418208008,98.24115697297607
67,0.9,101330.0,383.15,3.5,6.0,0.8,0.8,303.22169880781735,272.89952892703565
68,0.85,101330.0,383.15,3.5,6.0,0.8,0.8,664.4773017616895,564.8057064974361
69,0.8,101330.0,383.15,3.5,6.0,0.8,0.8,1179.4007452446353,943.5205961957083
70,0.75,101330.0,383.15,3.5,6.0,0.8,0.8,1827.3927186943847,1370.5445390207885
71,0.7,101330.0,383.15,3.5,6.0,0.8,0.8,2586.381354611892,1810.4669482283243
72,0.65,101330.0,383.15,3.5,6.0,0.8,0.8,3435.3313383683694,2232.9653699394403
73,0.6,101330.0,383.15,3.5,6.0,0.8,0.8,4356.223749052942,2613.7342494317654
74,0.55,101330.0,383.15,3.5,6.0,0.8,0.8,5334.385800887388,2933.9121904880635
75,0.5,101330.0,383.15,3.5,6.0,0.8,0.8,6358.454849162093,3179.2274245810463
76,0.45,101330.0,383.15,3.5,6.0,0.8,0.8,7419.735129768598,3338.8808083958693
77,0.4,101330.0,383.15,3.5,6.0,0.8,0.8,8511.60119019822,3404.6404760792884
78,1.0,101330.0,393.15,5.5,2.0,0.8,0.8,64.4281155632121,64.4281155632121
79,0.95,101330.0,393.15,5.5,2.0,0.8,0.8,210.08444897455635,199.58022652582852
80,0.9,101330.0,393.15,5.5,2.0,0.8,0.8,515.4290351909082,463.88613167181734
81,0.85,101330.0,393.15,5.5,2.0,0.8,0.8,991.0436533228175,842.3871053243948
82,0.8,101330.0,393.15,5.5,2.0,0.8,0.8,1619.0699336586495,1295.2559469269197
83,0.75,101330.0,393.15,5.5,2.0,0.8,0.8,2376.998211271518,1782.7486584536384
84,0.7,101330.0,393.15,5.5,2.0,0.8,0.8,3242.2749354351213,2269.5924548045846
85,0.65,101330.0,393.15,5.5,2.0,0.8,0.8,4194.424258581239,2726.3757680778053
86,0.6,101330.0,393.15,5.5,2.0,0.8,0.8,5216.159986513591,3129.6959919081546
87,0.55,101330.0,393.15,5.5,2.0,0.8,0.8,6293.718271604398,3461.545049382419
88,0.5,101330.0,393.15,5.5,2.0,0.8,0.8,7416.3994289185775,3708.1997144592888
89,0.45,101330.0,393.15,5.5,2.0,0.8,0.8,8575.97180442948,3859.187311993266
90,0.4,101330.0,393.15,5.5,2.0,0.8,0.8,9766.11202281324,3906.444809125296
91,1.0,101330.0,393.15,5.5,4.0,0.8,0.8,64.63710235932086,64.63710235932086
92,0.95,101330.0,393.15,5.5,4.0,0.8,0.8,210.60088889157774,200.07084444699885
93,0.9,101330.0,393.15,5.5,4.0,0.8,0.8,516.361051259894,464.7249461339046
94,0.85,101330.0,393.15,5.5,4.0,0.8,0.8,992.4769699074509,843.6054244213333
95,0.8,101330.0,393.15,5.5,4.0,0.8,0.8,1621.2646238971186,1297.011699117695
96,0.75,101330.0,393.15,5.5,4.0,0.8,0.8,2380.2412590347953,1785.1809442760964
97,0.7,101330.0,393.15,5.5,4.0,0.8,0.8,3246.820011672949,2272.774008171064
98,0.65,101330.0,393.15,5.5,4.0,0.8,0.8,4200.507620686527,2730.3299534462426
99,0.6,101330.0,393.15,5.5,4.0,0.8,0.8,5223.97443184036,3134.384659104216
100,0.55,101330.0,393.15,5.5,4.0,0.8,0.8,6303.440909827274,3466.8925004050006
101,0.5,101330.0,393.15,5.5,4.0,0.8,0.8,7428.200894104435,3714.1004470522175
102,0.45,101330.0,393.15,5.5,4.0,0.8,0.8,8590.023770580461,3865.510696761208
103,0.4,101330.0,393.15,5.5,4.0,0.8,0.8,9782.592914175337,3913.037165670135
104,1.0,101330.0,393.15,5.5,6.0,0.8,0.8,64.70918978316209,64.70918978316209
105,0.95,101330.0,393.15,5.5,6.0,0.8,0.8,210.77455314706847,200.23582548971504
106,0.9,101330.0,393.15,5.5,6.0,0.8,0.8,516.6771118810811,465.00940069297303
107,0.85,101330.0,393.15,5.5,6.0,0.8,0.8,992.9327955842556,843.9928762466172
108,0.8,101330.0,393.15,5.5,6.0,0.8,0.8,1622.0006496863514,1297.6005197490813
109,0.75,101330.0,393.15,5.5,6.0,0.8,0.8,2381.3886160850793,1786.0414620638094
110,0.7,101330.0,393.15,5.5,6.0,0.8,0.8,3248.5261115246576,2273.96827806726
111,0.65,101330.0,393.15,5.5,6.0,0.8,0.8,4202.773639598385,2731.80286573895
112,0.6,101330.0,393.15,5.5,6.0,0.8,0.8,5226.951729952243,3136.171037971346
113,0.55,101330.0,393.15,5.5,6.0,0.8,0.8,6307.202928872453,3468.9616108798496
114,0.5,101330.0,393.15,5.5,6.0,0.8,0.8,7432.816506360659,3716.4082531803297
115,0.45,101330.0,393.15,5.5,6.0,0.8,0.8,8595.560616161036,3868.002277272466
116,0.4,101330.0,393.15,5.5,6.0,0.8,0.8,9789.121198329514,3915.648479331806
0,1.0,202650.0,373.15,3.5,2.0,0.8,1.6,15.50360614626875,15.50360614626875
1,0.95,202650.0,373.15,3.5,2.0,0.8,1.6,64.65994608474504,61.426948780507786
2,0.9,202650.0,373.15,3.5,2.0,0.8,1.6,212.1197043981717,190.90773395835453
3,0.85,202650.0,373.15,3.5,2.0,0.8,1.6,507.65653347173907,431.5080534509782
4,0.8,202650.0,373.15,3.5,2.0,0.8,1.6,951.4532210352601,761.1625768282081
5,0.75,202650.0,373.15,3.5,2.0,0.8,1.6,1524.5051239636164,1143.3788429727124
6,0.7,202650.0,373.15,3.5,2.0,0.8,1.6,2205.5805245469355,1543.9063671828549
7,0.65,202650.0,373.15,3.5,2.0,0.8,1.6,2974.155035210009,1933.2007728865058
8,0.6,202650.0,373.15,3.5,2.0,0.8,1.6,3812.337978198532,2287.402786919119
9,0.55,202650.0,373.15,3.5,2.0,0.8,1.6,4705.66330811813,2588.114819464972
10,0.5,202650.0,373.15,3.5,2.0,0.8,1.6,5642.914200481867,2821.4571002409334
11,0.45,202650.0,373.15,3.5,2.0,0.8,1.6,6615.554831222903,2976.9996740503066
12,0.4,202650.0,373.15,3.5,2.0,0.8,1.6,7617.125388382056,3046.8501553528226
13,1.0,202650.0,373.15,3.5,4.0,0.8,1.6,15.520236923008698,15.520236923008698
14,0.95,202650.0,373.15,3.5,4.0,0.8,1.6,64.71647012065377,61.48064661462107
15,0.9,202650.0,373.15,3.5,4.0,0.8,1.6,212.23602612499914,191.01242351249923
16,0.85,202650.0,373.15,3.5,4.0,0.8,1.6,507.85875829826415,431.67994455352454
17,0.8,202650.0,373.15,3.5,4.0,0.8,1.6,951.8916365915064,761.5133092732052
18,0.75,202650.0,373.15,3.5,4.0,0.8,1.6,1525.4315228368555,1144.0736421276415
19,0.7,202650.0,373.15,3.5,4.0,0.8,1.6,2207.2486699159645,1545.074068941175
20,0.65,202650.0,373.15,3.5,4.0,0.8,1.6,2976.7763530167363,1934.9046294608786
21,0.6,202650.0,373.15,3.5,4.0,0.8,1.6,3816.0818004301686,2289.649080258101
22,0.55,202650.0,373.15,3.5,4.0,0.8,1.6,4710.668455219963,2590.86765037098
23,0.5,202650.0,373.15,3.5,4.0,0.8,1.6,5649.300215859185,2824.6501079295927
24,0.45,202650.0,373.15,3.5,4.0,0.8,1.6,6623.42988970406,2980.543450366827
25,0.4,202650.0,373.15,3.5,4.0,0.8,1.6,7626.591941303277,3050.636776521311
26,1.0,202650.0,373.15,3.5,6.0,0.8,1.6,15.526562022923658,15.526562022923658
27,0.95,202650.0,373.15,3.5,6.0,0.8,1.6,64.73649419405487,61.499669484352125
28,0.9,202650.0,373.15,3.5,6.0,0.8,1.6,212.2638339811417,191.03745058302752
29,0.85,202650.0,373.15,3.5,6.0,0.8,1.6,507.89727171486805,431.7126809576378
30,0.8,202650.0,373.15,3.5,6.0,0.8,1.6,952.0110200294074,761.608816023526
31,0.75,202650.0,373.15,3.5,6.0,0.8,1.6,1525.7467185847868,1144.31003893859
32,0.7,202650.0,373.15,3.5,6.0,0.8,1.6,2207.880172938162,1545.5161210567135
33,0.65,202650.0,373.15,3.5,6.0,0.8,1.6,2977.8220796963533,1935.5843518026297
34,0.6,202650.0,373.15,3.5,6.0,0.8,1.6,3817.6178180197853,2290.570690811871
35,0.55,202650.0,373.15,3.5,6.0,0.8,1.6,4712.75592806186,2592.015760434023
36,0.5,202650.0,373.15,3.5,6.0,0.8,1.6,5651.990643204698,2825.995321602349
37,0.45,202650.0,373.15,3.5,6.0,0.8,1.6,6626.76853196977,2982.045839386397
38,0.4,202650.0,373.15,3.5,6.0,0.8,1.6,7630.621319588314,3052.2485278353256
39,1.0,202650.0,383.15,5.5,2.0,0.8,1.6,39.77330535492199,39.77330535492199
40,0.95,202650.0,383.15,5.5,2.0,0.8,1.6,143.0857585533408,135.93147062567377
41,0.9,202650.0,383.15,5.5,2.0,0.8,1.6,386.23416401360384,347.6107476122435
42,0.85,202650.0,383.15,5.5,2.0,0.8,1.6,792.0182868253052,673.2155438015094
43,0.8,202650.0,383.15,5.5,2.0,0.8,1.6,1346.2496416306185,1076.999713304495
44,0.75,202650.0,383.15,5.5,2.0,0.8,1.6,2027.4559396467141,1520.5919547350356
45,0.7,202650.0,383.15,5.5,2.0,0.8,1.6,2813.682088930541,1969.5774622513784
46,0.65,202650.0,383.15,5.5,2.0,0.8,1.6,3684.6623882886292,2395.030552387609
47,0.6,202650.0,383.15,5.5,2.0,0.8,1.6,4623.275040183481,2773.9650241100885
48,0.55,202650.0,383.15,5.5,2.0,0.8,1.6,5615.870450632895,3088.7287478480926
49,0.5,202650.0,383.15,5.5,2.0,0.8,1.6,6651.890368207802,3325.945184103901
50,0.45,202650.0,383.15,5.5,2.0,0.8,1.6,7723.26933675629,3475.4712015403306
51,0.4,202650.0,383.15,5.5,2.0,0.8,1.6,8823.86293703613,3529.5451748144524
52,1.0,202650.0,383.15,5.5,4.0,0.8,1.6,39.8310370942138,39.8310370942138
53,0.95,202650.0,383.15,5.5,4.0,0.8,1.6,143.24240441697415,136.08028419612543
54,0.9,202650.0,383.15,5.5,4.0,0.8,1.6,386.52573979635605,347.8731658167205
55,0.85,202650.0,383.15,5.5,4.0,0.8,1.6,792.5434143780018,673.6619022213015
56,0.8,202650.0,383.15,5.5,4.0,0.8,1.6,1347.252651347686,1077.8021210781487
57,0.75,202650.0,383.15,5.5,4.0,0.8,1.6,2029.2344613964483,1521.925846047336
58,0.7,202650.0,383.15,5.5,4.0,0.8,1.6,2816.508511001516,1971.555957701061
59,0.65,202650.0,383.15,5.5,4.0,0.8,1.6,3688.7620480141577,2397.695331209203
60,0.6,202650.0,383.15,5.5,4.0,0.8,1.6,4628.834057256858,2777.3004343541147
61,0.55,202650.0,383.15,5.5,4.0,0.8,1.6,5623.048055533358,3092.676430543347
62,0.5,202650.0,383.15,5.5,4.0,0.8,1.6,6660.829559005169,3330.4147795025847
63,0.45,202650.0,383.15,5.5,4.0,0.8,1.6,7734.104598110025,3480.3470691495113
64,0.4,202650.0,383.15,5.5,4.0,0.8,1.6,8836.725476889584,3534.6901907558336
65,1.0,202650.0,383.15,5.5,6.0,0.8,1.6,39.852312191286316,39.852312191286316
66,0.95,202650.0,383.15,5.5,6.0,0.8,1.6,143.29494581649143,136.13019852566686
67,0.9,202650.0,383.15,5.5,6.0,0.8,1.6,386.6030792640758,347.9427713376682
68,0.85,202650.0,383.15,5.5,6.0,0.8,1.6,792.6918789708841,673.7880971252515
69,0.8,202650.0,383.15,5.5,6.0,0.8,1.6,1347.5829342023785,1078.066347361903
70,0.75,202650.0,383.15,5.5,6.0,0.8,1.6,2029.885978639623,1522.4144839797173
71,0.7,202650.0,383.15,5.5,6.0,0.8,1.6,2817.608533185692,1972.3259732299844
72,0.65,202650.0,383.15,5.5,6.0,0.8,1.6,3690.413363904344,2398.7686865378237
73,0.6,202650.0,383.15,5.5,6.0,0.8,1.6,4631.119257943362,2778.671554766017
74,0.55,202650.0,383.15,5.5,6.0,0.8,1.6,5626.036225475185,3094.319924011352
75,0.5,202650.0,383.15,5.5,6.0,0.8,1.6,6664.5814762373675,3332.2907381186837
76,0.45,202650.0,383.15,5.5,6.0,0.8,1.6,7738.676349095883,3482.404357093147
77,0.4,202650.0,383.15,5.5,6.0,0.8,1.6,8842.171072885065,3536.868429154026
78,1.0,202650.0,393.15,1.5,2.0,0.8,1.6,92.33654822064695,92.33654822064695
79,0.95,202650.0,393.15,1.5,2.0,0.8,1.6,279.0155366262936,265.06475979497895
80,0.9,202650.0,393.15,1.5,2.0,0.8,1.6,634.1396756624746,570.7257080962271
81,0.85,202650.0,393.15,1.5,2.0,0.8,1.6,1156.173274514284,982.7472833371414
82,0.8,202650.0,393.15,1.5,2.0,0.8,1.6,1824.7818582369139,1459.8254865895312
83,0.75,202650.0,393.15,1.5,2.0,0.8,1.6,2617.2347300667548,1962.926047550066
84,0.7,202650.0,393.15,1.5,2.0,0.8,1.6,3511.386778454679,2457.970744918275
85,0.65,202650.0,393.15,1.5,2.0,0.8,1.6,4487.562864284702,2916.9158617850567
86,0.6,202650.0,393.15,1.5,2.0,0.8,1.6,5529.5127553606735,3317.707653216404
87,0.55,202650.0,393.15,1.5,2.0,0.8,1.6,6624.388984604518,3643.413941532485
88,0.5,202650.0,393.15,1.5,2.0,0.8,1.6,7762.249324694819,3881.1246623474094
89,0.45,202650.0,393.15,1.5,2.0,0.8,1.6,8935.461887258325,4020.9578492662463
90,0.4,202650.0,393.15,1.5,2.0,0.8,1.6,10138.171990275187,4055.2687961100746
91,1.0,202650.0,393.15,1.5,4.0,0.8,1.6,92.50867656104093,92.50867656104093
92,0.95,202650.0,393.15,1.5,4.0,0.8,1.6,279.394022472598,265.4243213489681
93,0.9,202650.0,393.15,1.5,4.0,0.8,1.6,634.8012754893399,571.3211479404059
94,0.85,202650.0,393.15,1.5,4.0,0.8,1.6,1157.3182491761843,983.7205117997567
95,0.8,202650.0,393.15,1.5,4.0,0.8,1.6,1826.7273897345997,1461.3819117876799
96,0.75,202650.0,393.15,1.5,4.0,0.8,1.6,2620.3116909540277,1965.2337682155207
97,0.7,202650.0,393.15,1.5,4.0,0.8,1.6,3515.8842535457648,2461.118977482035
98,0.65,202650.0,393.15,1.5,4.0,0.8,1.6,4493.723610183924,2920.920346619551
99,0.6,202650.0,393.15,1.5,4.0,0.8,1.6,5537.544739327472,3322.526843596483
100,0.55,202650.0,393.15,1.5,4.0,0.8,1.6,6634.477705503249,3648.9627380267875
101,0.5,202650.0,393.15,1.5,4.0,0.8,1.6,7774.56785713217,3887.283928566085
102,0.45,202650.0,393.15,1.5,4.0,0.8,1.6,8950.178745604651,4027.580435522093
103,0.4,202650.0,393.15,1.5,4.0,0.8,1.6,10155.455714029871,4062.182285611949
104,1.0,202650.0,393.15,1.5,6.0,0.8,1.6,92.56982299972903,92.56982299972903
105,0.95,202650.0,393.15,1.5,6.0,0.8,1.6,279.5146653426332,265.5389320755015
106,0.9,202650.0,393.15,1.5,6.0,0.8,1.6,635.0023360589202,571.5021024530281
107,0.85,202650.0,393.15,1.5,6.0,0.8,1.6,1157.691370976489,984.0376653300157
108,0.8,202650.0,393.15,1.5,6.0,0.8,1.6,1827.4179419510929,1461.9343535608743
109,0.75,202650.0,393.15,1.5,6.0,0.8,1.6,2621.475780583668,1966.106835437751
110,0.7,202650.0,393.15,1.5,6.0,0.8,1.6,3517.6554513763213,2462.3588159634246
111,0.65,202650.0,393.15,1.5,6.0,0.8,1.6,4496.211107256616,2922.5372197168003
112,0.6,202650.0,393.15,1.5,6.0,0.8,1.6,5540.83962405669,3324.503774434014
113,0.55,202650.0,393.15,1.5,6.0,0.8,1.6,6638.659904738582,3651.26294760622
114,0.5,202650.0,393.15,1.5,6.0,0.8,1.6,7779.71041801718,3889.85520900859
115,0.45,202650.0,393.15,1.5,6.0,0.8,1.6,8956.350680603542,4030.357806271594
116,0.4,202650.0,393.15,1.5,6.0,0.8,1.6,10162.725931733812,4065.090372693525
0,1.0,202650.0,373.15,3.5,2.0,1.6,0.4,15.497450329055079,15.497450329055079
1,0.95,202650.0,373.15,3.5,2.0,1.6,0.4,64.59128614118389,61.36172183412469
2,0.9,202650.0,373.15,3.5,2.0,1.6,0.4,211.49233857407864,190.34310471667078
3,0.85,202650.0,373.15,3.5,2.0,1.6,0.4,505.3654953545564,429.56067105137294
4,0.8,202650.0,373.15,3.5,2.0,1.6,0.4,945.9729441734808,756.7783553387846
5,0.75,202650.0,373.15,3.5,2.0,1.6,0.4,1514.3004329333373,1135.725324700003
6,0.7,202650.0,373.15,3.5,2.0,1.6,0.4,2189.1766716591114,1532.423670161378
7,0.65,202650.0,373.15,3.5,2.0,1.6,0.4,2950.287975921417,1917.6871843489212
8,0.6,202650.0,373.15,3.5,2.0,1.6,0.4,3779.99402118763,2267.996412712578
9,0.55,202650.0,373.15,3.5,2.0,1.6,0.4,4664.061495681268,2565.2338226246975
10,0.5,202650.0,373.15,3.5,2.0,1.6,0.4,5591.460030611676,2795.730015305838
11,0.45,202650.0,373.15,3.5,2.0,1.6,0.4,6553.786565480734,2949.2039544663303
12,0.4,202650.0,373.15,3.5,2.0,1.6,0.4,7544.661132112031,3017.8644528448126
13,1.0,202650.0,373.15,3.5,4.0,1.6,0.4,15.531189423515984,15.531189423515984
14,0.95,202650.0,373.15,3.5,4.0,1.6,0.4,64.71361645888767,61.47793563594328
15,0.9,202650.0,373.15,3.5,4.0,1.6,0.4,211.71876747539102,190.54689072785192
16,0.85,202650.0,373.15,3.5,4.0,1.6,0.4,505.67436006290325,429.82320605346774
17,0.8,202650.0,373.15,3.5,4.0,1.6,0.4,946.476952243511,757.1815617948089
18,0.75,202650.0,373.15,3.5,4.0,1.6,0.4,1515.26290110612,1136.44717582959
19,0.7,202650.0,373.15,3.5,4.0,1.6,0.4,2190.8847225235922,1533.6193057665146
20,0.65,202650.0,373.15,3.5,4.0,1.6,0.4,2952.9137000725864,1919.3939050471813
21,0.6,202650.0,373.15,3.5,4.0,1.6,0.4,3783.6912100781396,2270.2147260468837
22,0.55,202650.0,373.15,3.5,4.0,1.6,0.4,4668.959725078991,2567.9278487934453
23,0.5,202650.0,373.15,3.5,4.0,1.6,0.4,5597.699638822691,2798.8498194113454
24,0.45,202650.0,373.15,3.5,4.0,1.6,0.4,6561.527195034215,2952.6872377653967
25,0.4,202650.0,373.15,3.5,4.0,1.6,0.4,7554.058622324874,3021.6234489299495
26,1.0,202650.0,373.15,3.5,6.0,1.6,0.4,15.54825524021743,15.54825524021743
27,0.95,202650.0,373.15,3.5,6.0,1.6,0.4,64.79276316662607,61.553125008294764
28,0.9,202650.0,373.15,3.5,6.0,1.6,0.4,211.90504471148705,190.71454024033835
29,0.85,202650.0,373.15,3.5,6.0,1.6,0.4,505.64712170638563,429.80005345042775
30,0.8,202650.0,373.15,3.5,6.0,1.6,0.4,946.72668240839,757.3813459267121
31,0.75,202650.0,373.15,3.5,6.0,1.6,0.4,1515.728356283807,1136.7962672128551
32,0.7,202650.0,373.15,3.5,6.0,1.6,0.4,2191.6627241553706,1534.1639069087594
33,0.65,202650.0,373.15,3.5,6.0,1.6,0.4,2954.0939970423397,1920.1610980775208
34,0.6,202650.0,373.15,3.5,6.0,1.6,0.4,3785.3446401753795,2271.2067841052276
35,0.55,202650.0,373.15,3.5,6.0,1.6,0.4,4671.146101041043,2569.130355572574
36,0.5,202650.0,373.15,3.5,6.0,1.6,0.4,5600.447688200997,2800.2238441004984
37,0.45,202650.0,373.15,3.5,6.0,1.6,0.4,6564.864633404485,2954.1890850320183
38,0.4,202650.0,373.15,3.5,6.0,1.6,0.4,7558.076544305599,3023.23061772224
39,1.0,202650.0,383.15,5.5,2.0,1.6,0.4,39.73487275588494,39.73487275588494
40,0.95,202650.0,383.15,5.5,2.0,1.6,0.4,142.74485085409418,135.60760831138947
41,0.9,202650.0,383.15,5.5,2.0,1.6,0.4,384.6177614692439,346.1559853223195
42,0.85,202650.0,383.15,5.5,2.0,1.6,0.4,787.5138363838226,669.3867609262493
43,0.8,202650.0,383.15,5.5,2.0,1.6,0.4,1337.0153260865989,1069.6122608692792
44,0.75,202650.0,383.15,5.5,2.0,1.6,0.4,2011.6515287051561,1508.738646528867
45,0.7,202650.0,383.15,5.5,2.0,1.6,0.4,2789.619906831572,1952.7339347821
46,0.65,202650.0,383.15,5.5,2.0,1.6,0.4,3650.9043427857337,2373.087822810727
47,0.6,202650.0,383.15,5.5,2.0,1.6,0.4,4578.645069189042,2747.1870415134254
48,0.55,202650.0,383.15,5.5,2.0,1.6,0.4,5559.412814516752,3057.677047984214
49,0.5,202650.0,383.15,5.5,2.0,1.6,0.4,6582.806261668995,3291.4031308344975
50,0.45,202650.0,383.15,5.5,2.0,1.6,0.4,7640.849724106192,3438.3823758477865
51,0.4,202650.0,383.15,5.5,2.0,1.6,0.4,8727.418009491676,3490.96720379667
52,1.0,202650.0,383.15,5.5,4.0,1.6,0.4,39.84737931430881,39.84737931430881
53,0.95,202650.0,383.15,5.5,4.0,1.6,0.4,143.04321151479525,135.89105093905548
54,0.9,202650.0,383.15,5.5,4.0,1.6,0.4,385.1226612013484,346.6103950812136
55,0.85,202650.0,383.15,5.5,4.0,1.6,0.4,788.2455573248171,670.0087237260946
56,0.8,202650.0,383.15,5.5,4.0,1.6,0.4,1338.212418444007,1070.5699347552056
57,0.75,202650.0,383.15,5.5,4.0,1.6,0.4,2013.6310972089977,1510.2233229067483
58,0.7,202650.0,383.15,5.5,4.0,1.6,0.4,2792.6762627105895,1954.8733838974126
59,0.65,202650.0,383.15,5.5,4.0,1.6,0.4,3655.21048453496,2375.886814947724
60,0.6,202650.0,383.15,5.5,4.0,1.6,0.4,4584.378329708424,2750.6269978250543
61,0.55,202650.0,383.15,5.5,4.0,1.6,0.4,5566.733924246163,3061.7036583353897
62,0.5,202650.0,383.15,5.5,4.0,1.6,0.4,6591.896371538457,3295.9481857692285
63,0.45,202650.0,383.15,5.5,4.0,1.6,0.4,7651.92506146399,3443.3662776587953
64,0.4,202650.0,383.15,5.5,4.0,1.6,0.4,8740.701854476172,3496.280741790469
65,1.0,202650.0,383.15,5.5,6.0,1.6,0.4,39.90081681177069,39.90081681177069
66,0.95,202650.0,383.15,5.5,6.0,1.6,0.4,143.20961390266675,136.0491332075334
67,0.9,202650.0,383.15,5.5,6.0,1.6,0.4,385.2812037669414,346.7530833902473
68,0.85,202650.0,383.15,5.5,6.0,1.6,0.4,787.828003963707,669.653803369151
69,0.8,202650.0,383.15,5.5,6.0,1.6,0.4,1338.7925377596835,1071.0340302077468
70,0.75,202650.0,383.15,5.5,6.0,1.6,0.4,2014.518704643578,1510.8890284826834
71,0.7,202650.0,383.15,5.5,6.0,1.6,0.4,2793.9945015457024,1955.7961510819916
72,0.65,202650.0,383.15,5.5,6.0,1.6,0.4,3657.041096394609,2377.076712656496
73,0.6,202650.0,383.15,5.5,6.0,1.6,0.4,4586.7900488261785,2752.074029295707
74,0.55,202650.0,383.15,5.5,6.0,1.6,0.4,5569.811035021186,3063.396069261653
75,0.5,202650.0,383.15,5.5,6.0,1.6,0.4,6595.739738589544,3297.869869294772
76,0.45,202650.0,383.15,5.5,6.0,1.6,0.4,7656.607167497343,3445.4732253738043
77,0.4,202650.0,383.15,5.5,6.0,1.6,0.4,8746.301120661372,3498.520448264549
78,1.0,202650.0,393.15,1.5,2.0,1.6,0.4,92.15841791579923,92.15841791579923
79,0.95,202650.0,393.15,1.5,2.0,1.6,0.4,277.9662939250643,264.06797922881105
80,0.9,202650.0,393.15,1.5,2.0,1.6,0.4,630.6617051479143,567.5955346331228
81,0.85,202650.0,393.15,1.5,2.0,1.6,0.4,1148.1577268073654,975.9340677862606
82,0.8,202650.0,393.15,1.5,2.0,1.6,0.4,1810.0681693067595,1448.0545354454077
83,0.75,202650.0,393.15,1.5,2.0,1.6,0.4,2593.667584988492,1945.2506887413688
84,0.7,202650.0,393.15,1.5,2.0,1.6,0.4,3477.047797360422,2433.9334581522953
85,0.65,202650.0,393.15,1.5,2.0,1.6,0.4,4440.806865086769,2886.5244623064
86,0.6,202650.0,393.15,1.5,2.0,1.6,0.4,5468.9444264063,3281.3666558437803
87,0.55,202650.0,393.15,1.5,2.0,1.6,0.4,6548.7966352796675,3601.8381494038176
88,0.5,202650.0,393.15,1.5,2.0,1.6,0.4,7670.522487486504,3835.261243743252
89,0.45,202650.0,393.15,1.5,2.0,1.6,0.4,8826.500293873434,3971.9251322430455
90,0.4,202650.0,393.15,1.5,2.0,1.6,0.4,10010.785202934776,4004.3140811739104
91,1.0,202650.0,393.15,1.5,4.0,1.6,0.4,92.48153611502873,92.48153611502873
92,0.95,202650.0,393.15,1.5,4.0,1.6,0.4,278.6436542296384,264.7114715181565
93,0.9,202650.0,393.15,1.5,4.0,1.6,0.4,631.7030512236848,568.5327461013163
94,0.85,202650.0,393.15,1.5,4.0,1.6,0.4,1149.7347370858674,977.2745265229873
95,0.8,202650.0,393.15,1.5,4.0,1.6,0.4,1812.5019570728505,1450.0015656582805
96,0.75,202650.0,393.15,1.5,4.0,1.6,0.4,2597.2897201485644,1947.9672901114232
97,0.7,202650.0,393.15,1.5,4.0,1.6,0.4,3482.0920784836167,2437.4644549385316
98,0.65,202650.0,393.15,1.5,4.0,1.6,0.4,4447.485690062068,2890.8656985403445
99,0.6,202650.0,393.15,1.5,4.0,1.6,0.4,5477.484402906995,3286.4906417441966
100,0.55,202650.0,393.15,1.5,4.0,1.6,0.4,6559.464222238331,3607.7053222310824
101,0.5,202650.0,393.15,1.5,4.0,1.6,0.4,7683.570725157052,3841.785362578526
102,0.45,202650.0,393.15,1.5,4.0,1.6,0.4,8842.194387898255,3978.9874745542147
103,0.4,202650.0,393.15,1.5,4.0,1.6,0.4,10029.439578153937,4011.775831261575
104,1.0,202650.0,393.15,1.5,6.0,1.6,0.4,92.62764561583991,92.62764561583991
105,0.95,202650.0,393.15,1.5,6.0,1.6,0.4,278.9260394021577,264.9797374320498
106,0.9,202650.0,393.15,1.5,6.0,1.6,0.4,632.160271566572,568.9442444099147
107,0.85,202650.0,393.15,1.5,6.0,1.6,0.4,1150.4259025644521,977.8620171797843
108,0.8,202650.0,393.15,1.5,6.0,1.6,0.4,1813.5627169556883,1450.8501735645507
109,0.75,202650.0,393.15,1.5,6.0,1.6,0.4,2598.834526692817,1949.1258950196125
110,0.7,202650.0,393.15,1.5,6.0,1.6,0.4,3484.2404508540944,2438.968315597866
111,0.65,202650.0,393.15,1.5,6.0,1.6,0.4,4450.3357433620995,2892.7182331853646
112,0.6,202650.0,393.15,1.5,6.0,1.6,0.4,5481.114919924518,3288.668951954711
113,0.55,202650.0,393.15,1.5,6.0,1.6,0.4,6563.953538064166,3610.1744459352917
114,0.5,202650.0,393.15,1.5,6.0,1.6,0.4,7689.03374436093,3844.516872180465
115,0.45,202650.0,393.15,1.5,6.0,1.6,0.4,8848.748102940752,3981.936646323338
116,0.4,202650.0,393.15,1.5,6.0,1.6,0.4,10037.210095914992,4014.884038365997
0,1.0,303980.0,373.15,5.5,2.0,1.6,0.8,20.503331481452268,20.503331481452268
1,0.95,303980.0,373.15,5.5,2.0,1.6,0.8,82.68164136708236,78.54755929872825
2,0.9,303980.0,373.15,5.5,2.0,1.6,0.8,255.3885086995715,229.84965782961436
3,0.85,303980.0,373.15,5.5,2.0,1.6,0.8,578.6399027797719,491.8439173628061
4,0.8,303980.0,373.15,5.5,2.0,1.6,0.8,1046.012642317165,836.8101138537321
5,0.75,303980.0,373.15,5.5,2.0,1.6,0.8,1637.5678078760545,1228.1758559070408
6,0.7,303980.0,373.15,5.5,2.0,1.6,0.8,2332.165057562411,1632.5155402936878
7,0.65,303980.0,373.15,5.5,2.0,1.6,0.8,3109.8929730564896,2021.4304324867182
8,0.6,303980.0,373.15,5.5,2.0,1.6,0.8,3953.8025755226968,2372.281545313618
9,0.55,303980.0,373.15,5.5,2.0,1.6,0.8,4850.274881336322,2667.6511847349775
10,0.5,303980.0,373.15,5.5,2.0,1.6,0.8,5788.851402392619,2894.4257011963095
11,0.45,303980.0,373.15,5.5,2.0,1.6,0.8,6761.598451671117,3042.7193032520026
12,0.4,303980.0,373.15,5.5,2.0,1.6,0.8,7762.520734376813,3105.0082937507254
13,1.0,303980.0,373.15,5.5,4.0,1.6,0.8,20.5335581832186,20.5335581832186
14,0.95,303980.0,373.15,5.5,4.0,1.6,0.8,82.7748673962208,78.63612402640976
15,0.9,303980.0,373.15,5.5,4.0,1.6,0.8,255.53761660919753,229.98385494827778
16,0.85,303980.0,373.15,5.5,4.0,1.6,0.8,578.8492035352344,492.0218230049493
17,0.8,303980.0,373.15,5.5,4.0,1.6,0.8,1046.4190144595914,837.1352115676732
18,0.75,303980.0,373.15,5.5,4.0,1.6,0.8,1638.4062433384597,1228.8046825038448
19,0.7,303980.0,373.15,5.5,4.0,1.6,0.8,2333.6611051634304,1633.5627736144013
20,0.65,303980.0,373.15,5.5,4.0,1.6,0.8,3112.2187515239657,2022.9421884905778
21,0.6,303980.0,373.15,5.5,4.0,1.6,0.8,3957.1049268284946,2374.262956097097
22,0.55,303980.0,373.15,5.5,4.0,1.6,0.8,4854.671671842403,2670.069419513322
23,0.5,303980.0,373.15,5.5,4.0,1.6,0.8,5794.449159494283,2897.2245797471414
24,0.45,303980.0,373.15,5.5,4.0,1.6,0.8,6768.500229923074,3045.825103465383
25,0.4,303980.0,373.15,5.5,4.0,1.6,0.8,7770.832050554464,3108.332820221786
26,1.0,303980.0,373.15,5.5,6.0,1.6,0.8,20.544566832096315,20.544566832096315
27,0.95,303980.0,373.15,5.5,6.0,1.6,0.8,82.80816204325404,78.66775394109133
28,0.9,303980.0,373.15,5.5,6.0,1.6,0.8,255.57611687652107,230.01850518886897
29,0.85,303980.0,373.15,5.5,6.0,1.6,0.8,578.892277030913,492.05843547627603
30,0.8,303980.0,373.15,5.5,6.0,1.6,0.8,1046.5189849733183,837.2151879786547
31,0.75,303980.0,373.15,5.5,6.0,1.6,0.8,1638.6575845876373,1228.9931884407279
32,0.7,303980.0,373.15,5.5,6.0,1.6,0.8,2334.156882982023,1633.909818087416
33,0.65,303980.0,373.15,5.5,6.0,1.6,0.8,3112.9827466189327,2023.4387853023063
34,0.6,303980.0,373.15,5.5,6.0,1.6,0.8,3958.2398958406707,2374.943937504402
35,0.55,303980.0,373.15,5.5,6.0,1.6,0.8,4856.224268209918,2670.923347515455
36,0.5,303980.0,373.15,5.5,6.0,1.6,0.8,5796.461444040546,2898.230722020273
37,0.45,303980.0,373.15,5.5,6.0,1.6,0.8,6771.011036723446,3046.9549665255504
38,0.4,303980.0,373.15,5.5,6.0,1.6,0.8,7773.8799234649205,3109.5519693859683
39,1.0,303980.0,383.15,1.5,2.0,1.6,0.8,51.87656756335532,51.87656756335532
40,0.95,303980.0,383.15,1.5,2.0,1.6,0.8,177.53321217984563,168.65655157085334
41,0.9,303980.0,383.15,1.5,2.0,1.6,0.8,451.274161187233,406.1467450685097
42,0.85,303980.0,383.15,1.5,2.0,1.6,0.8,885.2949297144658,752.5006902572959
43,0.8,303980.0,383.15,1.5,2.0,1.6,0.8,1462.4084975512783,1169.9267980410227
44,0.75,303980.0,383.15,1.5,2.0,1.6,0.8,2160.88559405276,1620.66419553957
45,0.7,303980.0,383.15,1.5,2.0,1.6,0.8,2959.1705478048775,2071.4193834634143
46,0.65,303980.0,383.15,1.5,2.0,1.6,0.8,3837.8069093850136,2494.574491100259
47,0.6,303980.0,383.15,1.5,2.0,1.6,0.8,4780.672149252151,2868.4032895512905
48,0.55,303980.0,383.15,1.5,2.0,1.6,0.8,5774.975685848862,3176.2366272168742
49,0.5,303980.0,383.15,1.5,2.0,1.6,0.8,6810.892601730096,3405.446300865048
50,0.45,303980.0,383.15,1.5,2.0,1.6,0.8,7880.930433787335,3546.4186952043005
51,0.4,303980.0,383.15,1.5,2.0,1.6,0.8,8979.379978569952,3591.751991427981
52,1.0,303980.0,383.15,1.5,4.0,1.6,0.8,51.97744795041039,51.97744795041039
53,0.95,303980.0,383.15,1.5,4.0,1.6,0.8,177.77074236853352,168.88220525010684
54,0.9,303980.0,383.15,1.5,4.0,1.6,0.8,451.64854575936766,406.4836911834309
55,0.85,303980.0,383.15,1.5,4.0,1.6,0.8,885.885064138896,753.0023045180616
56,0.8,303980.0,383.15,1.5,4.0,1.6,0.8,1463.4369163069202,1170.7495330455363
57,0.75,303980.0,383.15,1.5,4.0,1.6,0.8,2162.6224623642343,1621.9668467731758
58,0.7,303980.0,383.15,1.5,4.0,1.6,0.8,2961.8505945856346,2073.295416209944
59,0.65,303980.0,383.15,1.5,4.0,1.6,0.8,3841.6075419893778,2497.0449022930957
60,0.6,303980.0,383.15,1.5,4.0,1.6,0.8,4785.760532514636,2871.4563195087817
61,0.55,303980.0,383.15,1.5,4.0,1.6,0.8,5781.492107821693,3179.8206593019313
62,0.5,303980.0,383.15,1.5,4.0,1.6,0.8,6818.971303921488,3409.485651960744
63,0.45,303980.0,383.15,1.5,4.0,1.6,0.8,7890.70777328436,3550.818497977962
64,0.4,303980.0,383.15,1.5,4.0,1.6,0.8,8991.001335698398,3596.4005342793594
65,1.0,303980.0,383.15,1.5,6.0,1.6,0.8,52.01369804475599,52.01369804475599
66,0.95,303980.0,383.15,1.5,6.0,1.6,0.8,177.8491147214951,168.95665898542035
67,0.9,303980.0,383.15,1.5,6.0,1.6,0.8,451.75748061038644,406.5817325493478
68,0.85,303980.0,383.15,1.5,6.0,1.6,0.8,886.054124749109,753.1460060367426
69,0.8,303980.0,383.15,1.5,6.0,1.6,0.8,1463.7518898901278,1171.0015119121024
70,0.75,303980.0,383.15,1.5,6.0,1.6,0.8,2163.194389109421,1622.3957918320657
71,0.7,303980.0,383.15,1.5,6.0,1.6,0.8,2962.7747834382635,2073.9423484067843
72,0.65,303980.0,383.15,1.5,6.0,1.6,0.8,3842.8965788212336,2497.882776233802
73,0.6,303980.0,383.15,1.5,6.0,1.6,0.8,4787.540129424552,2872.524077654731
74,0.55,303980.0,383.15,1.5,6.0,1.6,0.8,5783.816657345036,3181.09916153977
75,0.5,303980.0,383.15,1.5,6.0,1.6,0.8,6821.891397657146,3410.945698828573
76,0.45,303980.0,383.15,1.5,6.0,1.6,0.8,7894.2728736621975,3552.422793147989
77,0.4,303980.0,383.15,1.5,6.0,1.6,0.8,8995.262414523499,3598.1049658094
78,1.0,303980.0,393.15,3.5,2.0,1.6,0.8,117.67358375650119,117.67358375650119
79,0.95,303980.0,393.15,3.5,2.0,1.6,0.8,335.2851584164156,318.5209004955948
80,0.9,303980.0,393.15,3.5,2.0,1.6,0.8,723.1709858742305,650.8538872868074
81,0.85,303980.0,393.15,3.5,2.0,1.6,0.8,1272.951005582253,1082.0083547449149
82,0.8,303980.0,393.15,3.5,2.0,1.6,0.8,1963.1961418151363,1570.5569134521093
83,0.75,303980.0,393.15,3.5,2.0,1.6,0.8,2771.2862218358164,2078.464666376862
84,0.7,303980.0,393.15,3.5,2.0,1.6,0.8,3675.7108288943145,2572.99758022602
85,0.65,303980.0,393.15,3.5,2.0,1.6,0.8,4657.810935156995,3027.5771078520465
86,0.6,303980.0,393.15,3.5,2.0,1.6,0.8,5702.29141081122,3421.3748464867317
87,0.55,303980.0,393.15,3.5,2.0,1.6,0.8,6797.176346467275,3738.4469905570013
88,0.5,303980.0,393.15,3.5,2.0,1.6,0.8,7933.223219965776,3966.611609982888
89,0.45,303980.0,393.15,3.5,2.0,1.6,0.8,9103.336138327159,4096.501262247221
90,0.4,303980.0,393.15,3.5,2.0,1.6,0.8,10302.057708268974,4120.8230833075895
91,1.0,303980.0,393.15,3.5,4.0,1.6,0.8,117.95853246078177,117.95853246078177
92,0.95,303980.0,393.15,3.5,4.0,1.6,0.8,335.8510670213003,319.0585136702353
93,0.9,303980.0,393.15,3.5,4.0,1.6,0.8,724.0224345429783,651.6201910886805
94,0.85,303980.0,393.15,3.5,4.0,1.6,0.8,1274.2759588885638,1083.1345650552792
95,0.8,303980.0,393.15,3.5,4.0,1.6,0.8,1965.2840278866606,1572.2272223093287
96,0.75,303980.0,393.15,3.5,4.0,1.6,0.8,2774.4269429520336,2080.8202072140252
97,0.7,303980.0,393.15,3.5,4.0,1.6,0.8,3680.132295253898,2576.0926066777283
98,0.65,303980.0,393.15,3.5,4.0,1.6,0.8,4663.731339109284,3031.4253704210346
99,0.6,303980.0,393.15,3.5,4.0,1.6,0.8,5709.89144410543,3425.934866463258
100,0.55,303980.0,393.15,3.5,4.0,1.6,0.8,6806.628310359228,3743.6455706975757
101,0.5,303980.0,393.15,3.5,4.0,1.6,0.8,7944.700974803555,3972.3504874017776
102,0.45,303980.0,393.15,3.5,4.0,1.6,0.8,9117.023678580355,4102.66065536116
103,0.4,303980.0,393.15,3.5,4.0,1.6,0.8,10318.157164010816,4127.262865604326
104,1.0,303980.0,393.15,3.5,6.0,1.6,0.8,118.05969623670961,118.05969623670961
105,0.95,303980.0,393.15,3.5,6.0,1.6,0.8,336.0516610707996,319.2490780172596
106,0.9,303980.0,393.15,3.5,6.0,1.6,0.8,724.2940576126762,651.8646518514086
107,0.85,303980.0,393.15,3.5,6.0,1.6,0.8,1274.6992043779323,1083.4943237212424
108,0.8,303980.0,393.15,3.5,6.0,1.6,0.8,1965.9758318196016,1572.7806654556814
109,0.75,303980.0,393.15,3.5,6.0,1.6,0.8,2775.5056800222114,2081.6292600166585
110,0.7,303980.0,393.15,3.5,6.0,1.6,0.8,3681.731327888887,2577.2119295222205
111,0.65,303980.0,393.15,3.5,6.0,1.6,0.8,4665.776337249359,3032.7546192120835
112,0.6,303980.0,393.15,3.5,6.0,1.6,0.8,5712.575554259786,3427.5453325558715
113,0.55,303980.0,393.15,3.5,6.0,1.6,0.8,6810.015576137776,3745.5085668757774
114,0.5,303980.0,393.15,3.5,6.0,1.6,0.8,7948.854608888883,3974.4273044444417
115,0.45,303980.0,393.15,3.5,6.0,1.6,0.8,9122.009452614682,4104.904253676607
116,0.4,303980.0,393.15,3.5,6.0,1.6,0.8,10324.046456391226,4129.618582556491
0,1.0,101330.0,373.15,1.5,2.0,1.6,1.6,10.373917134117958,10.373917134117958
1,0.95,101330.0,373.15,1.5,2.0,1.6,1.6,44.86789065899926,42.624496126049294
2,0.9,101330.0,373.15,1.5,2.0,1.6,1.6,158.8188207782133,142.93693870039198
3,0.85,101330.0,373.15,1.5,2.0,1.6,1.6,411.058312128352,349.39956530909916
4,0.8,101330.0,373.15,1.5,2.0,1.6,1.6,812.0982176368493,649.6785741094795
5,0.75,101330.0,373.15,1.5,2.0,1.6,1.6,1344.577823625013,1008.4333677187598
6,0.7,101330.0,373.15,1.5,2.0,1.6,1.6,1987.317436847797,1391.1222057934579
7,0.65,101330.0,373.15,1.5,2.0,1.6,1.6,2719.503291079132,1767.677139201436
8,0.6,101330.0,373.15,1.5,2.0,1.6,1.6,3522.736826473193,2113.6420958839158
9,0.55,101330.0,373.15,1.5,2.0,1.6,1.6,4381.75488725763,2409.9651879916964
10,0.5,101330.0,373.15,1.5,2.0,1.6,1.6,5284.563625911358,2642.281812955679
11,0.45,101330.0,373.15,1.5,2.0,1.6,1.6,6221.82052285731,2799.8192352857895
12,0.4,101330.0,373.15,1.5,2.0,1.6,1.6,7186.174925246816,2874.4699700987267
13,1.0,101330.0,373.15,1.5,4.0,1.6,1.6,10.385624408068376,10.385624408068376
14,0.95,101330.0,373.15,1.5,4.0,1.6,1.6,44.9126882980498,42.66705388314731
15,0.9,101330.0,373.15,1.5,4.0,1.6,1.6,158.93581566174598,143.0422340955714
16,0.85,101330.0,373.15,1.5,4.0,1.6,1.6,411.2900538297084,349.5965457552522
17,0.8,101330.0,373.15,1.5,4.0,1.6,1.6,812.588978490721,650.0711827925769
18,0.75,101330.0,373.15,1.5,4.0,1.6,1.6,1345.5972594268117,1009.1979445701088
19,0.7,101330.0,373.15,1.5,4.0,1.6,1.6,1989.1687069878901,1392.418094891523
20,0.65,101330.0,373.15,1.5,4.0,1.6,1.6,2722.473343348274,1769.607673176378
21,0.6,101330.0,373.15,1.5,4.0,1.6,1.6,3527.0962149320103,2116.257728959206
22,0.55,101330.0,373.15,1.5,4.0,1.6,1.6,4387.7693040599,2413.273117232945
23,0.5,101330.0,373.15,1.5,4.0,1.6,1.6,5292.515419461477,2646.2577097307385
24,0.45,101330.0,373.15,1.5,4.0,1.6,1.6,6232.031663149537,2804.4142484172917
25,0.4,101330.0,373.15,1.5,4.0,1.6,1.6,7199.037146679965,2879.6148586719864
26,1.0,101330.0,373.15,1.5,6.0,1.6,1.6,10.390657743556828,10.390657743556828
27,0.95,101330.0,373.15,1.5,6.0,1.6,1.6,44.93138554463832,42.6848162674064
28,0.9,101330.0,373.15,1.5,6.0,1.6,1.6,158.98018918331272,143.08217026498144
29,0.85,101330.0,373.15,1.5,6.0,1.6,1.6,411.36951492200996,349.66408768370843
30,0.8,101330.0,373.15,1.5,6.0,1.6,1.6,812.767393119152,650.2139144953217
31,0.75,101330.0,373.15,1.5,6.0,1.6,1.6,1346.01316067508,1009.5098705063099
32,0.7,101330.0,373.15,1.5,6.0,1.6,1.6,1989.9650506281716,1392.97553543972
33,0.65,101330.0,373.15,1.5,6.0,1.6,1.6,2723.7872056065557,1770.4616836442613
34,0.6,101330.0,373.15,1.5,6.0,1.6,1.6,3529.0564604169094,2117.4338762501457
35,0.55,101330.0,373.15,1.5,6.0,1.6,1.6,4390.498838505142,2414.7743611778283
36,0.5,101330.0,373.15,1.5,6.0,1.6,1.6,5296.143063390763,2648.0715316953815
37,0.45,101330.0,373.15,1.5,6.0,1.6,1.6,6236.702483945825,2806.5161177756213
38,0.4,101330.0,373.15,1.5,6.0,1.6,1.6,7204.925826733534,2881.970330693414
39,1.0,101330.0,383.15,3.5,2.0,1.6,1.6,26.986672851644226,26.986672851644226
40,0.95,101330.0,383.15,3.5,2.0,1.6,1.6,102.91122259165317,97.76566146207051
41,0.9,101330.0,383.15,3.5,2.0,1.6,1.6,301.3903466434862,271.2513119791376
42,0.85,101330.0,383.15,3.5,2.0,1.6,1.6,659.1026464497847,560.237249482317
43,0.8,101330.0,383.15,3.5,2.0,1.6,1.6,1166.903449492387,933.5227595939095
44,0.75,101330.0,383.15,3.5,2.0,1.6,1.6,1803.6811833338022,1352.7608875003516
45,0.7,101330.0,383.15,3.5,2.0,1.6,1.6,2547.3575747151936,1783.1503023006353
46,0.65,101330.0,383.15,3.5,2.0,1.6,1.6,3377.1705051865147,2195.1608283712344
47,0.6,101330.0,383.15,3.5,2.0,1.6,1.6,4275.297916607163,2565.1787499642974
48,0.55,101330.0,383.15,3.5,2.0,1.6,1.6,5227.160829183552,2874.938456050954
49,0.5,101330.0,383.15,3.5,2.0,1.6,1.6,6221.230903069448,3110.615451534724
50,0.45,101330.0,383.15,3.5,2.0,1.6,1.6,7248.340073785831,3261.753033203624
51,0.4,101330.0,383.15,3.5,2.0,1.6,1.6,8300.979242893305,3320.391697157322
52,1.0,101330.0,383.15,3.5,4.0,1.6,1.6,27.028412964001628,27.028412964001628
53,0.95,101330.0,383.15,3.5,4.0,1.6,1.6,103.04374591484033,97.8915586190983
54,0.9,101330.0,383.15,3.5,4.0,1.6,1.6,301.6800055389413,271.5120049850472
55,0.85,101330.0,383.15,3.5,4.0,1.6,1.6,659.6544844981329,560.706311823413
56,0.8,101330.0,383.15,3.5,4.0,1.6,1.6,1167.9659090514438,934.3727272411551
57,0.75,101330.0,383.15,3.5,4.0,1.6,1.6,1805.5974418113594,1354.1980813585196
58,0.7,101330.0,383.15,3.5,4.0,1.6,1.6,2550.477263418599,1785.334084393019
59,0.65,101330.0,383.15,3.5,4.0,1.6,1.6,3381.830075071459,2198.1895487964484
60,0.6,101330.0,383.15,3.5,4.0,1.6,1.6,4281.831056607552,2569.098633964531
61,0.55,101330.0,383.15,3.5,4.0,1.6,1.6,5235.917371325832,2879.754554229208
62,0.5,101330.0,383.15,3.5,4.0,1.6,1.6,6232.607351136254,3116.303675568127
63,0.45,101330.0,383.15,3.5,4.0,1.6,1.6,7262.8181541587555,3268.26816937144
64,0.4,101330.0,383.15,3.5,4.0,1.6,1.6,8319.1844881112,3327.67379524448
65,1.0,101330.0,383.15,3.5,6.0,1.6,1.6,27.045652236061898,27.045652236061898
66,0.95,101330.0,383.15,3.5,6.0,1.6,1.6,103.09752208598256,97.94264598168343
67,0.9,101330.0,383.15,3.5,6.0,1.6,1.6,301.78942482112933,271.6104823390164
68,0.85,101330.0,383.15,3.5,6.0,1.6,1.6,659.8543752371115,560.8762189515447
69,0.8,101330.0,383.15,3.5,6.0,1.6,1.6,1168.3866970483932,934.7093576387147
70,0.75,101330.0,383.15,3.5,6.0,1.6,1.6,1806.4046881403817,1354.8035161052862
71,0.7,101330.0,383.15,3.5,6.0,1.6,1.6,2551.8338162149616,1786.283671350473
72,0.65,101330.0,383.15,3.5,6.0,1.6,1.6,3383.8988825764973,2199.5342736747234
73,0.6,101330.0,383.15,3.5,6.0,1.6,1.6,4284.76631807627,2570.859790845762
74,0.55,101330.0,383.15,3.5,6.0,1.6,1.6,5239.879831154833,2881.9339071351583
75,0.5,101330.0,383.15,3.5,6.0,1.6,1.6,6237.775757114888,3118.887878557444
76,0.45,101330.0,383.15,3.5,6.0,1.6,1.6,7269.40695915448,3271.2331316195164
77,0.4,101330.0,383.15,3.5,6.0,1.6,1.6,8327.46849161385,3330.9873966455402
78,1.0,101330.0,393.15,5.5,2.0,1.6,1.6,64.33503900855598,64.33503900855598
79,0.95,101330.0,393.15,5.5,2.0,1.6,1.6,209.3671151423243,198.89875938520808
80,0.9,101330.0,393.15,5.5,2.0,1.6,1.6,512.3303102812962,461.09727925316656
81,0.85,101330.0,393.15,5.5,2.0,1.6,1.6,982.2737808868595,834.9327137538306
82,0.8,101330.0,393.15,5.5,2.0,1.6,1.6,1600.4231694037003,1280.3385355229602
83,0.75,101330.0,393.15,5.5,2.0,1.6,1.6,2344.0340349365392,1758.0255262024043
84,0.7,101330.0,393.15,5.5,2.0,1.6,1.6,3190.582000017247,2233.4074000120727
85,0.65,101330.0,393.15,5.5,2.0,1.6,1.6,4119.777998046217,2677.8556987300412
86,0.6,101330.0,393.15,5.5,2.0,1.6,1.6,5114.359981663255,3068.615988997953
87,0.55,101330.0,393.15,5.5,2.0,1.6,1.6,6160.367616798001,3388.2021892389007
88,0.5,101330.0,393.15,5.5,2.0,1.6,1.6,7246.549851089452,3623.274925544726
89,0.45,101330.0,393.15,5.5,2.0,1.6,1.6,8363.629682457933,3763.63335710607
90,0.4,101330.0,393.15,5.5,2.0,1.6,1.6,9503.481456578846,3801.3925826315385
91,1.0,101330.0,393.15,5.5,4.0,1.6,1.6,64.46489278469119,64.46489278469119
92,0.95,101330.0,393.15,5.5,4.0,1.6,1.6,209.7008367082251,199.21579487281383
93,0.9,101330.0,393.15,5.5,4.0,1.6,1.6,512.9735645443444,461.67620808991
94,0.85,101330.0,393.15,5.5,4.0,1.6,1.6,983.4283376676917,835.9140870175379
95,0.8,101330.0,393.15,5.5,4.0,1.6,1.6,1602.444008504455,1281.9552068035641
96,0.75,101330.0,393.15,5.5,4.0,1.6,1.6,2347.324301720118,1760.4932262900884
97,0.7,101330.0,393.15,5.5,4.0,1.6,1.6,3195.5464891394026,2236.882542397582
98,0.65,101330.0,393.15,5.5,4.0,1.6,1.6,4126.823133790832,2682.435036964041
99,0.6,101330.0,393.15,5.5,4.0,1.6,1.6,5123.909012194972,3074.3454073169833
100,0.55,101330.0,393.15,5.5,4.0,1.6,1.6,6172.895675387974,3395.092621463386
101,0.5,101330.0,393.15,5.5,4.0,1.6,1.6,7262.630933124964,3631.315466562482
102,0.45,101330.0,393.15,5.5,4.0,1.6,1.6,8384.008081963895,3772.803636883753
103,0.4,101330.0,393.15,5.5,4.0,1.6,1.6,9529.197080390233,3811.6788321560934
104,1.0,101330.0,393.15,5.5,6.0,1.6,1.6,64.51790099827006,64.51790099827006
105,0.95,101330.0,393.15,5.5,6.0,1.6,1.6,209.8329155239377,199.3412697477408
106,0.9,101330.0,393.15,5.5,6.0,1.6,1.6,513.2139182103768,461.8925263893392
107,0.85,101330.0,393.15,5.5,6.0,1.6,1.6,983.8709842635633,836.2903366240288
108,0.8,101330.0,393.15,5.5,6.0,1.6,1.6,1603.2752806164929,1282.6202244931944
109,0.75,101330.0,393.15,5.5,6.0,1.6,1.6,2348.7274943753923,1761.5456207815441
110,0.7,101330.0,393.15,5.5,6.0,1.6,1.6,3197.715837405326,2238.4010861837282
111,0.65,101330.0,393.15,5.5,6.0,1.6,1.6,4129.949343330654,2684.4670731649253
112,0.6,101330.0,393.15,5.5,6.0,1.6,1.6,5128.186267520728,3076.9117605124366
113,0.55,101330.0,393.15,5.5,6.0,1.6,1.6,6178.536866281978,3398.1952764550883
114,0.5,101330.0,393.15,5.5,6.0,1.6,1.6,7269.896159764467,3634.9480798822333
115,0.45,101330.0,393.15,5.5,6.0,1.6,1.6,8393.22149589775,3776.949673153987
116,0.4,101330.0,393.15,5.5,6.0,1.6,1.6,9540.807222928834,3816.3228891715335
